V1,V2,V3,V4,V5,V6,V7,V8,V9,V10,V11,V12,V13,V14,V15,V16,V17,V18,V19,V20,V21,V22,V23,V24
h,h,h,h,h,h,h,ATD,CHT,AXT,f,RCD,ATD,f,f,f,f,f,RCD,f,f,f,f,h
h,h,h,h,h,h,h,h,f,f,f,f,f,f,f,f,f,f,f,f,f,f,f,h
h,h,h,h,h,h,h,h,WNS,f,f,RCD,ProctorDining,f,f,f,f,ProctorDining,f,f,f,f,f,h
h,h,h,h,h,h,h,ProctorDining,ProctorDining,f,ATD,AXN,f,f,MNR,f,f,f,f,f,f,f,f,h
h,h,h,h,h,h,h,h,f,MNR,JHN,MBH,f,f,f,f,f,ProctorDining,f,f,f,f,f,h
h,h,h,h,h,h,h,h,RCD,LIB,FIC,f,ATD,f,f,f,f,ProctorDining,RCD,f,f,f,f,h
h,h,h,h,h,h,h,ATD,MBH,MBH,f,ATD,f,f,f,f,f,f,f,f,f,f,f,h
h,h,h,h,h,h,h,h,MBH,f,f,WNS,ATD,f,f,f,f,ProctorDining,ProctorDining,f,f,f,f,h
h,h,h,h,h,h,h,h,f,f,ATD,RCD,f,f,f,f,f,f,f,f,f,f,f,h
h,h,h,h,h,h,h,RCD,MBH,f,WNS,RCD,f,f,f,f,f,RCD,f,f,f,f,f,h
h,h,h,h,h,h,h,ATD,AXN,FIC,f,ProctorDining,f,f,f,f,RCD,f,ProctorDining,f,f,f,f,h
h,h,h,h,h,h,h,h,JHN,CHT,HLD,AXN,f,f,CHT,f,f,f,f,f,f,f,f,h
h,h,h,h,h,h,h,h,RCD,f,WNS,AXN,f,f,f,f,f,ProctorDining,RCD,f,f,f,f,h
h,h,h,h,h,h,h,RCD,f,f,ATD,AXN,ProctorDining,f,MCA,f,f,ProctorDining,f,f,f,f,f,h
h,h,h,h,h,h,h,h,RCD,f,ProctorDining,RCD,f,f,f,f,f,f,f,f,f,f,f,h
h,h,h,h,h,h,h,ATD,ATD,f,ATD,RCD,ATD,f,f,f,f,f,f,f,f,f,f,h
h,h,h,h,h,h,RCD,h,ATD,f,ATD,ATD,f,AXT,f,f,f,ProctorDining,f,f,f,f,f,h
h,h,h,h,h,h,RCD,RCD,ProctorDining,HLD,HLD,MBH,f,f,f,f,f,ProctorDining,f,f,f,f,f,h
h,h,h,h,h,h,h,h,AXN,f,JHN,RCD,RCD,f,f,f,f,f,f,f,f,f,f,h
h,h,h,h,h,h,h,ATD,f,MBH,ATD,WNS,f,f,f,f,f,f,f,f,f,f,f,h
h,h,h,h,h,h,h,RCD,CHT,f,MBH,RCD,RCD,f,f,f,f,ProctorDining,f,f,f,f,f,h
h,h,h,h,h,h,h,h,MBH,f,WNS,f,f,f,f,f,f,f,f,f,f,f,f,h
h,h,h,h,h,h,h,h,CHT,MBH,ATD,ATD,f,f,f,f,f,f,f,f,f,f,f,h
h,h,h,h,h,h,RCD,AXN,AXN,MBH,ProctorDining,AXN,f,MBH,f,f,f,RCD,RCD,f,f,f,f,h
h,h,h,h,h,h,h,ProctorDining,JHN,f,WNS,f,ProctorDining,f,f,f,f,ProctorDining,f,f,f,f,f,h
h,h,h,h,h,h,h,h,ATD,AXN,ProctorDining,f,RCD,f,MNR,f,f,RCD,ProctorDining,f,f,f,f,h
h,h,h,h,h,h,h,h,f,WNS,MNR,AXT,f,f,f,f,f,RCD,RCD,f,f,f,f,h
h,h,h,h,h,h,h,h,RCD,f,MBH,ProctorDining,ATD,f,f,f,f,f,ProctorDining,f,f,f,f,h
h,h,h,h,h,h,h,h,ProctorDining,AXN,MBH,ProctorDining,f,f,MNR,f,f,f,f,f,f,f,f,h
h,h,h,h,h,h,h,h,RCD,f,f,MNR,ATD,f,f,f,f,ProctorDining,ProctorDining,f,f,f,f,h
h,h,h,h,h,h,h,h,WNS,f,f,ProctorDining,f,f,f,f,f,f,f,f,f,f,f,h
h,h,h,h,h,h,h,h,f,WNS,WNS,RCD,f,f,MBH,f,f,RCD,f,f,f,f,f,h
h,h,h,h,h,h,h,ProctorDining,f,AXN,WNS,MBH,f,f,f,f,f,f,f,f,f,f,f,h
h,h,h,h,h,h,h,h,AXT,f,f,LIB,ATD,f,f,f,f,RCD,RCD,f,f,f,f,h
h,h,h,h,h,h,h,ProctorDining,f,f,HLD,RCD,ProctorDining,f,f,f,f,f,f,f,f,f,f,h
h,h,h,h,h,h,h,ATD,MNR,CHT,CHT,MNR,ProctorDining,f,MNR,f,ProctorDining,f,RCD,f,f,f,f,h
h,h,h,h,h,h,h,h,MBH,f,ATD,SDL,f,f,f,f,f,f,f,f,f,f,f,h
h,h,h,h,h,h,h,RCD,MCA,MBH,f,RCD,f,f,f,f,f,f,f,f,f,f,f,h
h,h,h,h,h,h,h,h,f,MBH,RCD,RCD,f,f,f,f,f,RCD,f,f,f,f,f,h
h,h,h,h,h,h,h,h,f,MFH,RCD,MNR,f,f,f,f,f,f,f,f,f,f,f,h
h,h,h,h,h,h,h,h,ATD,WNS,MBH,AXN,ATD,f,f,f,f,RCD,RCD,f,f,f,f,h
h,h,h,h,h,h,h,h,ProctorDining,AXN,JHN,ProctorDining,RCD,f,f,f,f,RCD,f,f,f,f,f,h
h,h,h,h,h,h,h,ProctorDining,ProctorDining,f,WNS,f,ATD,f,f,f,f,RCD,f,f,f,f,f,h
h,h,h,h,h,h,h,h,f,MBH,WNS,ProctorDining,f,f,WNS,f,f,RCD,f,f,f,f,f,h
h,h,h,h,h,h,h,ProctorDining,f,f,f,ATD,RCD,f,f,f,ProctorDining,RCD,f,f,f,f,f,h
h,h,h,h,h,h,h,h,ProctorDining,MBH,MBH,RCD,f,f,f,f,f,RCD,f,f,f,f,f,h
h,h,h,h,h,h,h,h,CHT,f,RCD,AXN,f,f,f,f,f,f,f,f,f,f,f,h
h,h,h,h,h,h,h,h,GFD,f,f,ProctorDining,f,f,f,f,ProctorDining,f,f,f,f,f,f,h
h,h,h,h,h,h,h,h,ATD,f,f,RCD,f,f,f,f,f,RCD,f,f,f,f,f,h
h,h,h,h,h,h,h,RCD,ProctorDining,f,RCD,MCA,f,f,f,f,f,RCD,RCD,f,f,f,f,h
h,h,h,h,h,h,h,h,CHT,MCA,f,ProctorDining,f,f,f,f,f,f,f,f,f,f,f,h
h,h,h,h,h,h,h,ATD,WNS,AXN,f,MNR,f,f,f,f,RCD,f,f,f,f,f,f,h
h,h,h,h,h,h,h,h,f,f,ProctorDining,ProctorDining,ProctorDining,f,f,f,f,RCD,f,f,f,f,f,h
h,h,h,h,h,h,h,h,f,HLD,f,RCD,f,MBH,MBH,f,f,f,ProctorDining,f,f,f,f,h
h,h,h,h,h,h,h,RCD,ATD,f,LIB,RCD,f,f,f,f,f,ProctorDining,f,f,f,f,f,h
h,h,h,h,h,h,h,h,f,f,f,RCD,ProctorDining,f,CHT,f,f,f,f,f,f,f,f,h
h,h,h,h,h,h,h,h,ProctorDining,f,AXN,CHT,f,f,f,f,f,f,RCD,f,f,f,f,h
h,h,h,h,h,h,h,h,RCD,GFD,OCH,ATD,ProctorDining,f,f,f,f,f,RCD,f,f,f,f,h
h,h,h,h,h,h,h,h,ProctorDining,f,f,ProctorDining,f,f,f,f,f,f,f,f,f,f,f,h
h,h,h,h,h,h,h,WNS,RCD,f,f,RCD,f,f,f,f,f,f,f,f,f,f,f,h
h,h,h,h,h,h,h,h,AXT,f,MBH,ATD,f,f,f,f,f,RCD,f,f,f,f,f,h
h,h,h,h,h,h,h,h,f,MBH,ATD,ATD,f,f,f,f,f,f,RCD,f,f,f,f,h
h,h,h,h,h,h,h,h,f,OCH,MBH,RCD,RCD,f,f,f,f,f,f,f,f,f,f,h
h,h,h,h,h,h,h,h,AXT,f,f,AXN,f,f,f,f,f,f,f,f,f,f,f,h
h,h,h,h,h,h,h,OCH,CHT,MNR,f,f,f,f,f,f,f,f,f,f,f,f,f,h
h,h,h,h,h,h,h,h,WNS,MBH,WNS,ATD,f,f,AXN,f,f,ProctorDining,ProctorDining,f,f,f,f,h
h,h,h,h,h,h,h,ProctorDining,RCD,MBH,f,WNS,f,f,SDL,f,f,RCD,RCD,f,f,f,f,h
h,h,h,h,h,h,h,RCD,f,f,RCD,CHT,f,f,f,f,f,RCD,f,f,f,f,f,h
h,h,h,h,h,h,h,ProctorDining,MBH,f,MBH,CHT,f,f,MBH,f,ProctorDining,RCD,f,f,f,f,f,h
h,h,h,h,h,h,h,RCD,RCD,f,MBH,ATD,ProctorDining,f,f,f,f,RCD,f,f,f,f,f,h
h,h,h,h,h,h,h,RCD,CHT,f,ATD,AXT,ProctorDining,f,f,f,f,ProctorDining,ProctorDining,f,f,f,f,h
h,h,h,h,h,h,h,MBH,ATD,f,WNS,AXN,f,f,f,f,RCD,ProctorDining,RCD,f,f,f,f,h
h,h,h,h,h,h,h,ProctorDining,RCD,MBH,MBH,ProctorDining,ATD,f,AXT,f,f,ProctorDining,ProctorDining,f,f,f,f,h
h,h,h,h,h,h,h,h,ProctorDining,f,f,AXN,ProctorDining,f,f,f,f,f,f,f,f,f,f,h
h,h,h,h,h,h,h,h,f,f,f,f,f,f,f,f,f,RCD,f,f,f,f,f,h
h,h,h,h,h,h,h,h,f,f,f,RCD,f,f,MNR,f,f,f,RCD,f,f,f,f,h
h,h,h,h,h,h,h,ATD,WNS,CHT,f,RCD,ProctorDining,f,MCA,f,f,f,f,f,f,f,f,h
h,h,h,h,h,h,h,MBH,ProctorDining,f,f,RCD,f,f,f,f,f,f,f,f,f,f,f,h
h,h,h,h,h,h,h,ProctorDining,f,f,f,RCD,RCD,f,f,f,f,f,f,f,f,f,f,h
h,h,h,h,h,h,h,h,f,f,WNS,AXN,f,f,f,f,f,ProctorDining,f,f,f,f,f,h
h,h,h,h,h,h,h,h,f,HLD,f,ATD,ATD,AXN,f,f,f,f,ProctorDining,f,f,f,f,h
h,h,h,h,h,h,h,ProctorDining,AXN,f,WNS,ATD,f,f,f,f,f,RCD,f,f,f,f,f,h
h,h,h,h,h,h,h,h,RCD,f,f,AXN,f,MBH,f,f,f,f,f,f,f,f,f,h
h,h,h,h,h,h,h,RCD,ATD,f,RCD,AXN,f,f,f,f,f,f,f,f,f,f,f,h
h,h,h,h,h,h,h,MBH,ProctorDining,MBH,f,AXT,f,f,AXN,f,f,RCD,RCD,f,f,f,f,h
h,h,h,h,h,h,h,h,MBH,f,MNR,RCD,RCD,f,f,f,f,f,f,f,f,f,f,h
h,h,h,h,h,h,h,h,JHN,WNS,f,CHT,ATD,f,f,f,f,ProctorDining,f,f,f,f,f,h
h,h,h,h,h,h,h,RCD,f,SDL,f,MNR,f,f,f,f,f,f,RCD,f,f,f,f,h
h,h,h,h,h,h,h,ATD,f,CHT,f,RCD,f,f,f,f,RCD,RCD,f,f,f,f,f,h
h,h,h,h,h,h,h,h,CHT,f,ProctorDining,MCA,f,AXT,f,f,f,ProctorDining,f,f,f,f,f,h
h,h,h,h,h,h,h,h,WNS,f,f,AXT,f,f,f,f,f,RCD,ProctorDining,f,f,f,f,h
h,h,h,h,h,h,h,h,MBH,f,f,ATD,f,f,f,f,RCD,f,f,f,f,f,f,h
h,h,h,h,h,h,h,h,f,MFH,AXT,RCD,RCD,f,f,f,f,RCD,ProctorDining,f,f,f,f,h
h,h,h,h,h,h,ProctorDining,h,AXT,MBH,RCD,AXN,f,f,f,f,f,ProctorDining,f,f,f,f,f,h
h,h,h,h,h,h,h,ProctorDining,f,f,WNS,WNS,f,f,f,f,f,f,f,f,f,f,f,h
h,h,h,h,h,h,h,h,f,MBH,f,MNR,f,f,f,f,f,f,f,f,f,f,f,h
h,h,h,h,h,h,h,h,MBH,f,f,AXN,f,f,f,f,f,f,f,f,f,f,f,h
h,h,h,h,h,h,h,MBH,WNS,f,f,MNR,RCD,f,f,f,f,RCD,f,f,f,f,f,h
h,h,h,h,h,h,h,ProctorDining,RCD,f,AXT,ATD,ATD,f,f,f,RCD,RCD,f,f,f,f,f,h
h,h,h,h,h,h,ProctorDining,h,f,f,f,FIC,f,f,f,f,f,ProctorDining,f,f,f,f,f,h
h,h,h,h,h,h,h,h,MNR,f,MBH,SDL,f,f,f,f,f,RCD,f,f,f,f,f,h
h,h,h,h,h,h,h,MBH,ATD,HLD,ATD,WNS,f,f,f,f,ProctorDining,f,RCD,f,f,f,f,h
h,h,h,h,h,h,h,h,RCD,f,f,RCD,f,f,MBH,f,f,ProctorDining,RCD,f,f,f,f,h
h,h,h,h,h,h,h,h,f,f,f,f,f,f,f,f,f,f,f,f,f,f,f,h
h,h,h,h,h,h,h,h,f,f,f,ProctorDining,ATD,f,SDL,f,f,RCD,f,f,f,f,f,h
h,h,h,h,h,h,h,MBH,ProctorDining,MBH,MBH,AXN,f,f,f,f,f,f,f,f,f,f,f,h
h,h,h,h,h,h,h,h,f,WNS,ATD,ATD,ATD,f,f,f,f,RCD,f,f,f,f,f,h
h,h,h,h,h,h,h,ATD,f,f,f,ProctorDining,ProctorDining,f,f,f,f,f,f,f,f,f,f,h
h,h,h,h,h,h,h,h,f,f,f,AXN,f,f,f,f,RCD,RCD,f,f,f,f,f,h
h,h,h,h,h,h,h,h,f,f,f,ATD,ProctorDining,f,f,f,ProctorDining,f,f,f,f,f,f,h
h,h,h,h,h,h,ProctorDining,h,WNS,MNR,ProctorDining,ProctorDining,f,AXN,GFD,f,f,f,RCD,f,f,f,f,h
h,h,h,h,h,h,h,h,f,f,WNS,ProctorDining,ATD,f,f,f,f,RCD,ProctorDining,f,f,f,f,h
h,h,h,h,h,h,h,RCD,AXT,f,MBH,ProctorDining,f,f,f,f,f,f,f,f,f,f,f,h
h,h,h,h,h,h,h,h,f,f,f,ProctorDining,RCD,f,f,f,f,f,f,f,f,f,f,h
h,h,h,h,h,h,h,h,WNS,f,f,AXT,f,f,f,f,f,f,f,f,f,f,f,h
h,h,h,h,h,h,h,OCH,MCA,f,MBH,WNS,f,f,f,f,f,RCD,f,f,f,f,f,h
h,h,h,h,h,h,h,RCD,f,f,ATD,RCD,ATD,AXT,MNR,f,f,f,ProctorDining,f,f,f,f,h
h,h,h,h,h,h,h,ATD,MBH,f,f,ProctorDining,ProctorDining,f,f,f,f,ProctorDining,f,f,f,f,f,h
h,h,h,h,h,h,h,h,MBH,MBH,FIC,ATD,ProctorDining,f,MBH,f,f,f,f,f,f,f,f,h
h,h,h,h,h,h,ATD,h,ATD,MBH,WNS,JHN,f,f,MBH,f,f,f,f,f,f,f,f,h
h,h,h,h,h,h,h,WNS,ProctorDining,MNR,f,AXN,ProctorDining,f,f,f,f,f,f,f,f,f,f,h
h,h,h,h,h,h,h,h,MBH,f,MBH,ProctorDining,f,MBH,WNS,f,f,f,f,f,f,f,f,h
h,h,h,h,h,h,h,h,f,f,RCD,MNR,f,AXN,f,f,f,ProctorDining,RCD,f,f,f,f,h
h,h,h,h,h,h,h,h,RCD,MBH,f,ATD,f,f,f,f,f,f,ProctorDining,f,f,f,f,h
h,h,h,h,h,h,h,h,f,f,CHT,f,f,f,MCA,f,f,RCD,RCD,f,f,f,f,h
h,h,h,h,h,h,h,OCH,f,GFD,RCD,HLD,ProctorDining,f,MNR,f,f,ProctorDining,RCD,f,f,f,f,h
h,h,h,h,h,h,h,h,ProctorDining,f,f,ProctorDining,f,AXN,f,f,f,f,f,f,f,f,f,h
h,h,h,h,h,h,h,ATD,MBH,f,f,ProctorDining,f,f,f,f,f,RCD,ProctorDining,f,f,f,f,h
h,h,h,h,h,h,h,h,f,f,AXN,AXN,ProctorDining,f,f,f,f,f,f,f,f,f,f,h
h,h,h,h,h,h,h,ProctorDining,MBH,MNR,RCD,MBH,f,f,f,f,f,f,RCD,f,f,f,f,h
h,h,h,h,h,h,h,h,MBH,MBH,f,ProctorDining,f,f,WNS,f,f,RCD,f,f,f,f,f,h
h,h,h,h,h,h,h,MBH,f,f,AXT,MBH,f,f,f,f,f,ProctorDining,f,f,f,f,f,h
h,h,h,h,h,h,h,ATD,RCD,MFH,f,MBH,f,f,f,f,f,f,ProctorDining,f,f,f,f,h
h,h,h,h,h,h,h,h,HLD,WNS,f,MBH,f,f,f,f,f,f,RCD,f,f,f,f,h
h,h,h,h,h,h,h,h,WNS,MBH,JHN,ProctorDining,f,f,CHT,f,f,f,f,f,f,f,f,h
h,h,h,h,h,h,h,h,MBH,ATD,LIB,MBH,f,f,LIB,f,f,f,f,f,f,f,f,h
h,h,h,h,h,h,h,ProctorDining,HLD,f,f,LIB,f,f,f,f,f,ProctorDining,ProctorDining,f,f,f,f,h
h,h,h,h,h,h,h,h,f,HLD,HLD,ATD,f,f,f,f,f,f,f,f,f,f,f,h
h,h,h,h,h,h,h,h,RCD,f,MBH,OCH,RCD,f,f,f,f,RCD,f,f,f,f,f,h
h,h,h,h,h,h,h,RCD,f,WNS,WNS,f,ProctorDining,f,f,f,f,f,f,f,f,f,f,h
h,h,h,h,h,h,h,h,MNR,AXN,JHN,FIC,f,f,CHT,f,f,ProctorDining,f,f,f,f,f,h
h,h,h,h,h,h,h,h,MNR,MBH,MBH,MNR,f,f,f,f,f,RCD,ProctorDining,f,f,f,f,h
h,h,h,h,h,h,h,h,RCD,f,MBH,SDL,f,f,f,f,f,ProctorDining,f,f,f,f,f,h
h,h,h,h,h,h,h,ProctorDining,MBH,f,MBH,WNS,f,f,f,f,f,f,RCD,f,f,f,f,h
h,h,h,h,h,h,h,ProctorDining,ProctorDining,CHT,ATD,f,f,f,f,f,f,f,f,f,f,f,f,h
h,h,h,h,h,h,h,h,f,f,f,ProctorDining,f,f,f,f,f,RCD,f,f,f,f,f,h
h,h,h,h,h,h,h,h,f,f,f,OCH,f,f,AXN,f,f,ProctorDining,ProctorDining,f,f,f,f,h
h,h,h,h,h,h,h,ProctorDining,AXN,GFD,ATD,AXT,f,f,WNS,f,f,f,f,f,f,f,f,h
h,h,h,h,h,h,h,ProctorDining,OCH,f,f,RCD,f,f,f,f,f,f,RCD,f,f,f,f,h
h,h,h,h,h,h,h,h,MBH,f,f,ATD,RCD,f,MNR,f,f,f,f,f,f,f,f,h
h,h,h,h,h,h,h,h,MBH,f,f,ATD,RCD,f,f,f,f,ProctorDining,f,f,f,f,f,h
h,h,h,h,h,h,ATD,h,f,f,f,AXT,f,f,f,f,f,RCD,RCD,f,f,f,f,h
h,h,h,h,h,h,h,RCD,ProctorDining,f,f,HLD,f,f,f,f,f,ProctorDining,f,f,f,f,f,h
h,h,h,h,h,h,h,h,ProctorDining,MFH,f,f,ProctorDining,f,f,f,f,f,f,f,f,f,f,h
h,h,h,h,h,h,h,h,f,MBH,ProctorDining,ProctorDining,f,f,f,f,f,RCD,RCD,f,f,f,f,h
h,h,h,h,h,h,h,h,JHN,HLD,f,f,f,f,f,f,f,f,f,f,f,f,f,h
h,h,h,h,h,h,h,ATD,MBH,HLD,f,ATD,ProctorDining,f,f,f,f,f,ProctorDining,f,f,f,f,h
h,h,h,h,h,h,h,h,WNS,f,CHT,RCD,RCD,f,f,f,f,f,f,f,f,f,f,h
h,h,h,h,h,h,h,ProctorDining,MBH,MBH,f,LIB,f,f,f,f,f,f,f,f,f,f,f,h
h,h,h,h,h,h,h,MBH,CHT,f,RCD,f,f,f,f,f,f,RCD,ProctorDining,f,f,f,f,h
h,h,h,h,h,h,h,h,RCD,ATD,f,RCD,f,f,f,f,f,f,f,f,f,f,f,h
h,h,h,h,h,h,h,h,CHT,MBH,f,WNS,f,f,f,f,f,ProctorDining,f,f,f,f,f,h
h,h,h,h,h,h,h,h,RCD,f,f,ProctorDining,f,f,f,f,f,ProctorDining,ProctorDining,f,f,f,f,h
h,h,h,h,h,h,h,RCD,RCD,f,f,f,f,f,AXN,f,f,f,f,f,f,f,f,h
h,h,h,h,h,h,h,h,MCA,f,ATD,HLD,ATD,f,f,f,f,f,f,f,f,f,f,h
h,h,h,h,h,h,h,ATD,f,f,f,MCA,f,f,f,f,f,f,ProctorDining,f,f,f,f,h
h,h,h,h,h,h,h,ProctorDining,f,f,f,ProctorDining,f,f,f,f,f,RCD,f,f,f,f,f,h
h,h,h,h,h,h,h,h,f,f,f,MNR,ProctorDining,AXT,f,f,f,ProctorDining,f,f,f,f,f,h
h,h,h,h,h,h,RCD,ATD,AXT,ATD,f,RCD,RCD,f,f,f,f,f,RCD,f,f,f,f,h
h,h,h,h,h,h,h,h,WNS,f,f,FIC,ProctorDining,f,f,f,f,RCD,f,f,f,f,f,h
h,h,h,h,h,h,h,ATD,JHN,f,AXN,f,ATD,f,f,f,f,RCD,RCD,f,f,f,f,h
h,h,h,h,h,h,h,h,CHT,f,RCD,f,f,f,MNR,f,f,f,f,f,f,f,f,h
h,h,h,h,h,h,h,h,MBH,WNS,f,RCD,f,f,f,f,f,RCD,ProctorDining,f,f,f,f,h
h,h,h,h,h,h,h,h,MBH,CHT,f,MBH,f,f,f,f,f,RCD,ProctorDining,f,f,f,f,h
h,h,h,h,h,h,h,h,ProctorDining,AXN,FIC,RCD,f,f,f,f,f,f,ProctorDining,f,f,f,f,h
h,h,h,h,h,h,h,MBH,f,f,f,MNR,f,f,f,f,f,f,f,f,f,f,f,h
h,h,h,h,h,h,h,ProctorDining,f,f,f,RCD,f,f,f,f,f,ProctorDining,f,f,f,f,f,h
h,h,h,h,h,h,h,RCD,f,WNS,f,RCD,f,f,WNS,f,f,f,f,f,f,f,f,h
h,h,h,h,h,h,h,RCD,WNS,GFD,f,ProctorDining,f,f,f,f,f,f,f,f,f,f,f,h
h,h,h,h,h,h,h,h,AXT,f,ATD,ProctorDining,f,f,f,f,f,f,RCD,f,f,f,f,h
h,h,h,h,h,h,RCD,ProctorDining,f,f,ATD,ProctorDining,f,f,MBH,f,f,f,f,f,f,f,f,h
h,h,h,h,h,h,h,h,f,f,ATD,ProctorDining,f,f,RCD,f,f,RCD,f,f,f,f,f,h
h,h,h,h,h,h,h,h,CHT,f,MBH,ATD,ProctorDining,f,f,f,f,f,ProctorDining,f,f,f,f,h
h,h,h,h,h,h,h,h,MBH,f,WNS,ProctorDining,ProctorDining,f,f,f,f,RCD,f,f,f,f,f,h
h,h,h,h,h,h,h,ProctorDining,MBH,MBH,RCD,ProctorDining,f,f,f,f,f,ProctorDining,ProctorDining,f,f,f,f,h
h,h,h,h,h,h,h,RCD,ProctorDining,MBH,MBH,ATD,f,f,OCH,f,f,ProctorDining,ProctorDining,f,f,f,f,h
h,h,h,h,h,h,h,h,f,f,f,LIB,f,f,f,f,f,f,f,f,f,f,f,h
h,h,h,h,h,h,h,ATD,f,f,f,AXN,f,f,f,f,f,f,ProctorDining,f,f,f,f,h
h,h,h,h,h,h,h,h,CHT,f,FIC,ProctorDining,f,f,f,f,ProctorDining,ProctorDining,RCD,f,f,f,f,h
h,h,h,h,h,h,h,h,RCD,f,f,WNS,ProctorDining,f,f,f,RCD,f,RCD,f,f,f,f,h
h,h,h,h,h,h,h,h,ProctorDining,f,MCA,RCD,f,f,MBH,f,f,f,f,f,f,f,f,h
h,h,h,h,h,h,h,h,ATD,f,RCD,ProctorDining,f,f,f,f,f,f,f,f,f,f,f,h
h,h,h,h,h,h,h,h,GFD,f,f,ProctorDining,ATD,AXT,f,f,f,ProctorDining,ProctorDining,f,f,f,f,h
h,h,h,h,h,h,h,h,f,LIB,f,ATD,f,f,MBH,f,f,RCD,f,f,f,f,f,h
h,h,h,h,h,h,h,RCD,RCD,MNR,f,AXN,f,f,MCA,f,f,RCD,RCD,f,f,f,f,h
h,h,h,h,h,h,h,h,WNS,f,WNS,ATD,f,AXN,f,f,f,RCD,f,f,f,f,f,h
h,h,h,h,h,h,h,h,CHT,f,f,f,f,f,f,f,RCD,RCD,RCD,f,f,f,f,h
h,h,h,h,h,h,h,h,RCD,HLD,f,LIB,ProctorDining,f,f,f,f,f,ProctorDining,f,f,f,f,h
h,h,h,h,h,h,h,h,MBH,f,MBH,ProctorDining,f,f,f,f,f,RCD,f,f,f,f,f,h
h,h,h,h,h,h,h,WNS,ProctorDining,AXN,RCD,ATD,f,f,f,f,RCD,ProctorDining,f,f,f,f,f,h
h,h,h,h,h,h,h,h,f,f,f,f,ProctorDining,f,f,f,f,f,f,f,f,f,f,h
h,h,h,h,h,h,h,ProctorDining,MBH,AXN,ATD,f,ProctorDining,f,f,f,f,f,RCD,f,f,f,f,h
h,h,h,h,h,h,h,WNS,ProctorDining,f,f,RCD,ProctorDining,f,f,f,f,f,f,f,f,f,f,h
h,h,h,h,h,h,h,h,RCD,MNR,f,ProctorDining,f,f,AXN,f,f,f,f,f,f,f,f,h
h,h,h,h,h,h,h,h,AXN,f,ProctorDining,RCD,RCD,f,f,f,f,f,f,f,f,f,f,h
h,h,h,h,h,h,h,RCD,f,FIC,MBH,AXN,RCD,f,MBH,f,f,ProctorDining,f,f,f,f,f,h
h,h,h,h,h,h,h,ATD,f,f,RCD,AXN,ProctorDining,f,f,f,RCD,f,f,f,f,f,f,h
h,h,h,h,h,h,h,RCD,MBH,WNS,f,ATD,f,MNR,f,f,f,f,f,f,f,f,f,h
h,h,h,h,h,h,h,h,f,WNS,f,RCD,f,f,f,f,f,ProctorDining,f,f,f,f,f,h
h,h,h,h,h,h,h,RCD,ATD,f,CHT,MBH,ProctorDining,f,MBH,f,f,ProctorDining,f,f,f,f,f,h
h,h,h,h,h,h,h,h,JHN,f,MBH,WNS,f,f,f,f,f,RCD,f,f,f,f,f,h
h,h,h,h,h,h,h,h,MNR,FIC,f,f,ATD,f,f,f,f,f,ProctorDining,f,f,f,f,h
h,h,h,h,h,h,h,h,MNR,f,f,ProctorDining,f,f,MBH,f,ProctorDining,RCD,f,f,f,f,f,h
h,h,h,h,h,h,ProctorDining,h,RCD,MBH,MBH,LIB,f,f,f,f,f,f,f,f,f,f,f,h
h,h,h,h,h,h,h,MBH,FIC,WNS,f,ProctorDining,f,f,f,f,f,RCD,f,f,f,f,f,h
h,h,h,h,h,h,h,h,AXT,WNS,f,FIC,f,f,f,f,f,ProctorDining,ProctorDining,f,f,f,f,h
h,h,h,h,h,h,h,h,f,f,f,RCD,f,f,f,f,ProctorDining,f,f,f,f,f,f,h
h,h,h,h,h,h,h,h,RCD,f,f,LIB,f,f,AXN,f,f,f,RCD,f,f,f,f,h
h,h,h,h,h,h,h,RCD,HLD,AXN,f,RCD,f,f,f,f,f,f,ProctorDining,f,f,f,f,h
h,h,h,h,h,h,h,RCD,CHT,MBH,f,RCD,ProctorDining,f,MCA,f,f,f,f,f,f,f,f,h
h,h,h,h,h,h,h,h,CHT,f,MBH,f,f,f,f,f,f,f,RCD,f,f,f,f,h
h,h,h,h,h,h,h,ProctorDining,f,f,HLD,f,ProctorDining,f,f,f,f,f,RCD,f,f,f,f,h
h,h,h,h,h,h,h,h,CHT,MBH,MBH,ProctorDining,RCD,f,f,f,f,f,RCD,f,f,f,f,h
h,h,h,h,h,h,h,h,f,WNS,MBH,CHT,f,f,f,f,f,RCD,RCD,f,f,f,f,h
h,h,h,h,h,h,h,WNS,f,f,f,ProctorDining,f,f,f,f,f,f,ProctorDining,f,f,f,f,h
h,h,h,h,h,h,h,h,ATD,f,f,ProctorDining,ATD,f,f,f,f,f,f,f,f,f,f,h
h,h,h,h,h,h,h,RCD,f,f,WNS,RCD,f,f,f,f,RCD,RCD,f,f,f,f,f,h
h,h,h,h,h,h,h,h,f,f,f,ATD,f,f,f,f,f,f,RCD,f,f,f,f,h
h,h,h,h,h,h,h,ProctorDining,ProctorDining,f,f,f,f,f,f,f,f,f,f,f,f,f,f,h
h,h,h,h,h,h,h,RCD,ProctorDining,MCA,AXN,AXN,RCD,f,f,f,RCD,f,f,f,f,f,f,h
h,h,h,h,h,h,h,ATD,f,f,f,ProctorDining,RCD,f,f,f,f,f,f,f,f,f,f,h
h,h,h,h,h,h,h,h,ATD,MBH,JHN,f,ProctorDining,f,f,f,f,f,ProctorDining,f,f,f,f,h
h,h,h,h,h,h,h,h,WNS,f,f,f,f,f,f,f,f,f,f,f,f,f,f,h
h,h,h,h,h,h,h,h,RCD,MBH,ProctorDining,WNS,f,f,f,f,f,RCD,f,f,f,f,f,h
h,h,h,h,h,h,h,ATD,ProctorDining,f,f,WNS,f,f,f,f,f,RCD,RCD,f,f,f,f,h
h,h,h,h,h,h,h,RCD,ProctorDining,f,f,AXT,ProctorDining,f,f,f,f,RCD,f,f,f,f,f,h
h,h,h,h,h,h,h,h,MBH,f,f,RCD,f,AXN,f,f,f,ProctorDining,f,f,f,f,f,h
h,h,h,h,h,h,h,ATD,WNS,AXN,FIC,RCD,f,f,f,f,f,f,f,f,f,f,f,h
h,h,h,h,h,h,h,h,ProctorDining,f,MBH,ProctorDining,f,f,RCD,f,f,f,f,f,f,f,f,h
h,h,h,h,h,h,h,h,RCD,f,MBH,RCD,f,f,CHT,f,f,RCD,f,f,f,f,f,h
h,h,h,h,h,h,h,h,f,f,f,ProctorDining,RCD,f,f,f,f,f,ProctorDining,f,f,f,f,h
h,h,h,h,h,h,h,h,ProctorDining,MCA,f,RCD,f,f,AXT,f,f,f,f,f,f,f,f,h
h,h,h,h,h,h,ProctorDining,h,f,f,f,RCD,RCD,f,f,f,f,f,f,f,f,f,f,h
h,h,h,h,h,h,h,h,f,MBH,WNS,AXN,ProctorDining,f,AXN,f,f,RCD,f,f,f,f,f,h
h,h,h,h,h,h,h,h,AXN,f,MBH,RCD,RCD,f,f,f,RCD,RCD,ProctorDining,f,f,f,f,h
h,h,h,h,h,h,h,h,f,f,f,AXN,f,AXT,f,f,f,f,f,f,f,f,f,h
h,h,h,h,h,h,h,h,RCD,f,f,RCD,f,f,RCD,f,f,f,f,f,f,f,f,h
h,h,h,h,h,h,h,ATD,AXT,WNS,ATD,ProctorDining,f,f,f,f,f,ProctorDining,f,f,f,f,f,h
h,h,h,h,h,h,h,h,GFD,f,WNS,MBH,ProctorDining,f,WNS,f,f,RCD,f,f,f,f,f,h
h,h,h,h,h,h,h,h,f,f,MBH,WNS,RCD,f,f,f,f,f,f,f,f,f,f,h
h,h,h,h,h,h,h,ATD,WNS,f,f,MNR,RCD,f,f,f,f,f,RCD,f,f,f,f,h
h,h,h,h,h,h,h,h,f,f,HLD,MBH,f,f,f,f,f,f,RCD,f,f,f,f,h
h,h,h,h,h,h,h,h,f,MBH,f,AXT,f,f,f,f,f,ProctorDining,f,f,f,f,f,h
h,h,h,h,h,h,h,h,AXN,f,f,ProctorDining,f,f,f,f,f,f,f,f,f,f,f,h
h,h,h,h,h,h,h,h,f,f,f,MBH,f,f,CHT,f,f,f,f,f,f,f,f,h
h,h,h,h,h,h,h,h,f,MBH,f,CHT,f,f,MBH,f,f,f,RCD,f,f,f,f,h
h,h,h,h,h,h,h,ProctorDining,ATD,f,LIB,AXT,RCD,f,f,f,RCD,ProctorDining,f,f,f,f,f,h
h,h,h,h,h,h,h,h,CHT,WNS,ProctorDining,WNS,f,AXT,f,f,f,RCD,RCD,f,f,f,f,h
h,h,h,h,h,h,h,h,HLD,f,WNS,f,f,f,f,f,f,f,ProctorDining,f,f,f,f,h
h,h,h,h,h,h,h,RCD,ATD,f,f,RCD,RCD,f,f,f,f,RCD,f,f,f,f,f,h
h,h,h,h,h,h,h,ProctorDining,MBH,f,MBH,AXN,RCD,f,MCA,f,f,f,RCD,f,f,f,f,h
h,h,h,h,h,h,h,RCD,f,f,f,AXN,f,f,MBH,f,RCD,f,f,f,f,f,f,h
h,h,h,h,h,h,h,RCD,f,f,f,MCA,f,f,f,f,f,f,f,f,f,f,f,h
h,h,h,h,h,h,h,ProctorDining,JHN,AXT,f,ATD,f,f,AXN,f,f,f,f,f,f,f,f,h
h,h,h,h,h,h,h,h,ProctorDining,f,WNS,f,ATD,f,f,f,f,ProctorDining,RCD,f,f,f,f,h
h,h,h,h,h,h,h,MBH,RCD,f,MBH,CHT,f,f,f,f,f,f,f,f,f,f,f,h
h,h,h,h,h,h,h,h,f,CHT,f,ProctorDining,ATD,f,f,f,f,f,f,f,f,f,f,h
h,h,h,h,h,h,h,ATD,MBH,CHT,f,WNS,ATD,f,f,f,f,f,ProctorDining,f,f,f,f,h
h,h,h,h,h,h,h,h,ProctorDining,SDL,f,WNS,RCD,f,f,f,f,f,f,f,f,f,f,h
h,h,h,h,h,h,h,RCD,f,f,MBH,f,ProctorDining,f,f,f,f,f,ProctorDining,f,f,f,f,h
h,h,h,h,h,h,h,ATD,f,f,JHN,AXN,f,f,f,f,f,ProctorDining,RCD,f,f,f,f,h
h,h,h,h,h,h,h,WNS,f,f,f,FIC,f,f,f,f,f,ProctorDining,f,f,f,f,f,h
h,h,h,h,h,h,h,h,HLD,MCA,f,ProctorDining,f,f,f,f,f,ProctorDining,f,f,f,f,f,h
h,h,h,h,h,h,h,ProctorDining,f,f,ProctorDining,ATD,f,f,f,f,f,f,f,f,f,f,f,h
h,h,h,h,h,h,h,h,f,f,f,f,ProctorDining,f,f,f,f,RCD,f,f,f,f,f,h
h,h,h,h,h,h,h,h,WNS,MBH,f,ATD,f,f,RCD,f,f,ProctorDining,RCD,f,f,f,f,h
h,h,h,h,h,h,h,h,f,WNS,ATD,HLD,f,f,MBH,f,f,RCD,f,f,f,f,f,h
h,h,h,h,h,h,ATD,h,f,AXN,WNS,RCD,ATD,f,f,f,f,f,f,f,f,f,f,h
h,h,h,h,h,h,h,RCD,ProctorDining,f,ProctorDining,FIC,f,f,f,f,f,f,RCD,f,f,f,f,h
h,h,h,h,h,h,h,RCD,WNS,WNS,MBH,ATD,f,f,f,f,f,f,f,f,f,f,f,h
h,h,h,h,h,h,h,h,MBH,f,f,MBH,f,f,f,f,f,ProctorDining,f,f,f,f,f,h
h,h,h,h,h,h,h,h,RCD,f,f,ProctorDining,f,f,f,f,f,RCD,f,f,f,f,f,h
h,h,h,h,h,h,h,h,ATD,f,f,HLD,f,f,f,f,f,RCD,ProctorDining,f,f,f,f,h
h,h,h,h,h,h,h,h,f,f,f,FIC,f,f,f,f,f,ProctorDining,f,f,f,f,f,h
h,h,h,h,h,h,h,ATD,ProctorDining,f,f,GFD,f,f,MBH,f,f,ProctorDining,ProctorDining,f,f,f,f,h
h,h,h,h,h,h,h,ProctorDining,MBH,MBH,CHT,WNS,f,f,MNR,f,f,f,f,f,f,f,f,h
h,h,h,h,h,h,h,h,ProctorDining,f,f,f,ProctorDining,f,f,f,f,f,f,f,f,f,f,h
h,h,h,h,h,h,h,ProctorDining,AXN,f,f,RCD,f,f,f,f,f,ProctorDining,f,f,f,f,f,h
h,h,h,h,h,h,ATD,h,f,f,f,RCD,f,f,f,f,f,f,f,f,f,f,f,h
h,h,h,h,h,h,h,h,f,f,ATD,MNR,RCD,f,f,f,RCD,RCD,ProctorDining,f,f,f,f,h
h,h,h,h,h,h,h,h,WNS,f,f,ProctorDining,ProctorDining,f,f,f,f,f,ProctorDining,f,f,f,f,h
h,h,h,h,h,h,h,h,RCD,f,f,ProctorDining,ProctorDining,f,f,f,f,f,f,f,f,f,f,h
h,h,h,h,h,h,h,RCD,f,f,WNS,HLD,RCD,f,f,f,f,RCD,f,f,f,f,f,h
h,h,h,h,h,h,h,h,GFD,f,f,MNR,ProctorDining,f,MBH,f,f,f,RCD,f,f,f,f,h
h,h,h,h,h,h,h,h,f,MFH,f,ProctorDining,f,f,f,f,f,RCD,f,f,f,f,f,h
h,h,h,h,h,h,h,h,f,WNS,f,AXN,f,f,MCA,f,f,f,f,f,f,f,f,h
h,h,h,h,h,h,h,RCD,f,MNR,f,RCD,RCD,f,AXN,f,f,ProctorDining,f,f,f,f,f,h
h,h,h,h,h,h,h,ProctorDining,ProctorDining,MCA,WNS,ProctorDining,f,FIC,f,f,f,ProctorDining,f,f,f,f,f,h
h,h,h,h,h,h,h,MBH,MBH,f,MCA,f,f,f,GFD,f,f,f,f,f,f,f,f,h
h,h,h,h,h,h,h,ATD,RCD,f,ATD,RCD,RCD,f,MBH,f,f,RCD,f,f,f,f,f,h
h,h,h,h,h,h,h,h,f,f,f,JHN,f,f,WNS,f,f,f,ProctorDining,f,f,f,f,h
h,h,h,h,h,h,h,h,MBH,MBH,MBH,f,f,f,f,f,f,ProctorDining,f,f,f,f,f,h
h,h,h,h,h,h,h,h,JHN,MBH,f,ATD,f,f,GFD,f,f,f,f,f,f,f,f,h
h,h,h,h,h,h,h,h,f,f,MBH,f,f,f,f,f,f,f,RCD,f,f,f,f,h
h,h,h,h,h,h,h,h,f,f,ATD,WNS,f,f,f,f,f,ProctorDining,ProctorDining,f,f,f,f,h
h,h,h,h,h,h,h,h,f,f,WNS,AXT,RCD,f,GFD,f,f,ProctorDining,ProctorDining,f,f,f,f,h
h,h,h,h,h,h,h,h,RCD,f,AXT,RCD,ATD,f,MBH,f,f,f,f,f,f,f,f,h
h,h,h,h,h,h,h,h,f,AXN,f,RCD,f,f,f,f,f,ProctorDining,f,f,f,f,f,h
h,h,h,h,h,h,h,h,RCD,f,MBH,ProctorDining,ProctorDining,f,AXT,f,f,RCD,f,f,f,f,f,h
h,h,h,h,h,h,h,h,f,AXN,WNS,f,RCD,f,f,f,f,f,ProctorDining,f,f,f,f,h
h,h,h,h,h,h,h,h,MBH,WNS,ATD,RCD,f,f,CHT,f,f,RCD,RCD,f,f,f,f,h
h,h,h,h,h,h,h,h,RCD,f,f,HLD,f,f,LIB,f,f,ProctorDining,f,f,f,f,f,h
h,h,h,h,h,h,h,RCD,CHT,f,LIB,RCD,ATD,f,f,f,f,f,f,f,f,f,f,h
h,h,h,h,h,h,h,h,f,f,f,RCD,f,f,MBH,f,f,f,f,f,f,f,f,h
h,h,h,h,h,h,h,RCD,f,WNS,AXN,f,f,f,f,f,f,f,f,f,f,f,f,h
h,h,h,h,h,h,h,ATD,MBH,f,FIC,RCD,f,f,f,f,f,RCD,ProctorDining,f,f,f,f,h
h,h,h,h,h,h,h,h,f,f,MBH,ProctorDining,f,f,f,f,f,RCD,f,f,f,f,f,h
h,h,h,h,h,h,h,h,MBH,MBH,MBH,ProctorDining,f,f,f,f,f,RCD,f,f,f,f,f,h
h,h,h,h,h,h,h,h,f,MBH,RCD,MNR,ProctorDining,f,f,f,f,f,ProctorDining,f,f,f,f,h
h,h,h,h,h,h,h,h,MBH,f,RCD,RCD,f,f,f,f,f,ProctorDining,f,f,f,f,f,h
h,h,h,h,h,h,h,ProctorDining,ATD,f,RCD,f,ATD,f,f,f,f,f,f,f,f,f,f,h
h,h,h,h,h,h,h,h,f,CHT,WNS,ProctorDining,RCD,f,f,f,f,f,ProctorDining,f,f,f,f,h
h,h,h,h,h,h,h,h,WNS,f,f,f,f,GFD,f,f,f,ProctorDining,f,f,f,f,f,h
h,h,h,h,h,h,h,h,AXN,SDL,MBH,JHN,f,f,SDL,f,f,RCD,RCD,f,f,f,f,h
h,h,h,h,h,h,h,h,WNS,MBH,f,MBH,f,f,f,f,f,RCD,RCD,f,f,f,f,h
h,h,h,h,h,h,h,h,HLD,f,f,JHN,f,MBH,f,f,f,ProctorDining,f,f,f,f,f,h
h,h,h,h,h,h,h,MBH,ATD,f,f,ProctorDining,f,f,CHT,f,f,RCD,f,f,f,f,f,h
h,h,h,h,h,h,h,h,ATD,FIC,f,RCD,RCD,f,f,f,f,f,RCD,f,f,f,f,h
h,h,h,h,h,h,h,h,RCD,f,MBH,WNS,f,f,OCH,f,f,f,f,f,f,f,f,h
h,h,h,h,h,h,h,h,ATD,MBH,MBH,RCD,f,f,f,f,f,f,ProctorDining,f,f,f,f,h
h,h,h,h,h,h,h,ProctorDining,WNS,f,WNS,f,f,f,f,f,f,ProctorDining,RCD,f,f,f,f,h
h,h,h,h,h,h,h,CHT,f,ATD,ProctorDining,ATD,f,f,f,f,f,RCD,RCD,f,f,f,f,h
h,h,h,h,h,h,h,ProctorDining,MBH,f,MNR,ProctorDining,f,f,f,f,RCD,f,f,f,f,f,f,h
h,h,h,h,h,h,h,h,ATD,f,f,AXT,f,f,f,f,f,f,f,f,f,f,f,h
h,h,h,h,h,h,h,ATD,CHT,f,JHN,RCD,f,f,f,f,f,f,RCD,f,f,f,f,h
h,h,h,h,h,h,h,ProctorDining,WNS,WNS,MBH,ATD,f,f,f,f,f,f,f,f,f,f,f,h
h,h,h,h,h,h,h,RCD,f,f,f,ProctorDining,ProctorDining,f,AXT,f,f,RCD,f,f,f,f,f,h
h,h,h,h,h,h,h,ATD,MNR,f,WNS,ATD,ProctorDining,f,f,f,f,f,RCD,f,f,f,f,h
h,h,h,h,h,h,h,h,HLD,MBH,f,ATD,f,f,f,f,f,RCD,f,f,f,f,f,h
h,h,h,h,h,h,h,h,RCD,f,f,WNS,RCD,f,WNS,f,f,f,f,f,f,f,f,h
h,h,h,h,h,h,h,ATD,CHT,MCA,ATD,MBH,RCD,f,f,f,f,RCD,f,f,f,f,f,h
h,h,h,h,h,h,h,MBH,f,f,MBH,f,f,AXT,AXN,f,f,RCD,f,f,f,f,f,h
h,h,h,h,h,h,h,h,MBH,SDL,f,CHT,f,f,f,f,f,f,f,f,f,f,f,h
h,h,h,h,h,h,h,MBH,f,f,MBH,SDL,ATD,f,WNS,f,f,f,RCD,f,f,f,f,h
h,h,h,h,h,h,RCD,MBH,f,LIB,MBH,f,f,f,f,f,f,ProctorDining,f,f,f,f,f,h
h,h,h,h,h,h,h,h,MNR,f,f,f,RCD,f,f,f,f,f,f,f,f,f,f,h
h,h,h,h,h,h,h,h,f,f,RCD,MNR,f,f,f,f,f,RCD,f,f,f,f,f,h
h,h,h,h,h,h,h,h,MBH,WNS,f,AXN,f,f,f,f,f,ProctorDining,f,f,f,f,f,h
h,h,h,h,h,h,h,h,AXN,f,f,CHT,f,f,AXN,f,f,RCD,f,f,f,f,f,h
h,h,h,h,h,h,h,h,MBH,f,f,ProctorDining,f,f,f,f,f,ProctorDining,f,f,f,f,f,h
h,h,h,h,h,h,h,h,f,f,MBH,ATD,ProctorDining,f,AXN,f,f,f,RCD,f,f,f,f,h
h,h,h,h,h,h,h,ProctorDining,f,f,f,WNS,f,f,MBH,f,f,ProctorDining,f,f,f,f,f,h
h,h,h,h,h,h,h,h,RCD,f,f,f,f,MBH,CHT,f,f,RCD,f,f,f,f,f,h
h,h,h,h,h,h,h,h,WNS,f,f,WNS,f,f,f,f,f,f,RCD,f,f,f,f,h
h,h,h,h,h,h,h,h,MNR,MBH,f,AXN,RCD,f,f,f,f,f,f,f,f,f,f,h
h,h,h,h,h,h,h,h,LIB,f,MBH,ATD,f,f,f,f,f,f,f,f,f,f,f,h
h,h,h,h,h,h,h,ATD,MBH,f,f,AXT,f,f,f,f,f,f,f,f,f,f,f,h
h,h,h,h,h,h,h,h,MBH,WNS,f,ProctorDining,RCD,f,f,f,f,f,f,f,f,f,f,h
h,h,h,h,h,h,h,h,f,WNS,MBH,f,f,f,f,f,f,RCD,f,f,f,f,f,h
h,h,h,h,h,h,h,h,LIB,f,f,WNS,f,f,f,f,f,ProctorDining,f,f,f,f,f,h
h,h,h,h,h,h,h,h,JHN,f,f,ProctorDining,ProctorDining,f,f,f,f,RCD,RCD,f,f,f,f,h
h,h,h,h,h,h,h,ProctorDining,f,MBH,MBH,f,f,f,f,f,f,f,f,f,f,f,f,h
h,h,h,h,h,h,h,ATD,f,f,MBH,AXN,ATD,f,f,f,f,RCD,f,f,f,f,f,h
h,h,h,h,h,h,h,h,MBH,f,f,RCD,f,f,CHT,f,f,ProctorDining,f,f,f,f,f,h
h,h,h,h,h,h,h,ProctorDining,AXN,f,f,ATD,f,f,f,f,f,f,RCD,f,f,f,f,h
h,h,h,h,h,h,h,ProctorDining,MBH,f,f,RCD,f,MNR,AXN,f,f,f,f,f,f,f,f,h
h,h,h,h,h,h,h,ProctorDining,f,f,MBH,ProctorDining,f,f,AXN,f,f,f,f,f,f,f,f,h
h,h,h,h,h,h,h,h,f,f,RCD,ProctorDining,f,f,f,f,f,f,RCD,f,f,f,f,h
h,h,h,h,h,h,h,ProctorDining,ATD,f,WNS,MCA,f,f,WNS,f,f,ProctorDining,f,f,f,f,f,h
h,h,h,h,h,h,h,h,f,f,f,RCD,f,f,f,f,f,f,ProctorDining,f,f,f,f,h
h,h,h,h,h,h,h,h,ProctorDining,f,AXT,f,ATD,f,f,f,f,f,f,f,f,f,f,h
h,h,h,h,h,h,h,h,MNR,AXN,MBH,f,f,f,f,f,f,ProctorDining,f,f,f,f,f,h
h,h,h,h,h,h,h,RCD,AXN,f,WNS,ProctorDining,f,f,f,f,f,ProctorDining,RCD,f,f,f,f,h
h,h,h,h,h,h,h,h,WNS,AXN,MBH,AXT,ProctorDining,f,f,f,f,f,f,f,f,f,f,h
h,h,h,h,h,h,h,ProctorDining,f,f,ProctorDining,f,ProctorDining,f,f,f,f,f,RCD,f,f,f,f,h
h,h,h,h,h,h,h,ProctorDining,f,WNS,f,ProctorDining,f,f,f,f,f,f,RCD,f,f,f,f,h
h,h,h,h,h,h,h,ProctorDining,MNR,f,MBH,FIC,ATD,f,f,f,f,RCD,f,f,f,f,f,h
h,h,h,h,h,h,h,h,f,f,ProctorDining,f,f,f,f,f,f,RCD,f,f,f,f,f,h
h,h,h,h,h,h,h,h,ProctorDining,AXN,f,LIB,f,f,f,f,f,f,f,f,f,f,f,h
h,h,h,h,h,h,h,h,f,f,ProctorDining,ProctorDining,ProctorDining,f,f,f,f,f,RCD,f,f,f,f,h
h,h,h,h,h,h,h,ProctorDining,f,MCA,f,ATD,RCD,f,f,f,f,f,f,f,f,f,f,h
h,h,h,h,h,h,h,h,f,MBH,f,RCD,RCD,f,MBH,f,f,f,f,f,f,f,f,h
h,h,h,h,h,h,h,RCD,ATD,f,MBH,f,f,f,MCA,f,f,f,f,f,f,f,f,h
h,h,h,h,h,h,h,h,MBH,MNR,f,WNS,RCD,f,f,f,f,ProctorDining,ProctorDining,f,f,f,f,h
h,h,h,h,h,h,h,MBH,RCD,AXN,AXT,AXN,f,f,f,f,f,f,f,f,f,f,f,h
h,h,h,h,h,h,h,ProctorDining,f,f,RCD,CHT,f,f,f,f,f,ProctorDining,f,f,f,f,f,h
h,h,h,h,h,h,h,ATD,ProctorDining,f,ATD,AXN,f,f,f,f,f,f,f,f,f,f,f,h
h,h,h,h,h,h,h,RCD,WNS,MBH,MBH,f,RCD,f,f,f,f,f,f,f,f,f,f,h
h,h,h,h,h,h,h,MBH,MBH,f,f,f,RCD,f,f,f,f,f,ProctorDining,f,f,f,f,h
h,h,h,h,h,h,h,h,f,AXT,f,AXN,f,f,f,f,f,f,RCD,f,f,f,f,h
h,h,h,h,h,h,h,ProctorDining,ProctorDining,WNS,f,WNS,ATD,AXN,f,f,f,f,RCD,f,f,f,f,h
h,h,h,h,h,h,h,h,f,MNR,f,LIB,f,f,f,f,f,f,RCD,f,f,f,f,h
h,h,h,h,h,h,h,h,ProctorDining,MNR,MBH,ProctorDining,ProctorDining,f,f,f,f,f,f,f,f,f,f,h
h,h,h,h,h,h,h,h,f,f,f,ATD,f,f,f,f,f,ProctorDining,RCD,f,f,f,f,h
h,h,h,h,h,h,h,h,f,MCA,HLD,ATD,f,f,f,f,f,RCD,ProctorDining,f,f,f,f,h
h,h,h,h,h,h,h,OCH,RCD,AXN,f,ATD,ProctorDining,f,MBH,f,f,f,f,f,f,f,f,h
h,h,h,h,h,h,h,ProctorDining,ATD,f,WNS,f,ProctorDining,f,AXT,f,f,ProctorDining,ProctorDining,f,f,f,f,h
h,h,h,h,h,h,h,h,MBH,f,WNS,ATD,f,f,f,f,f,f,RCD,f,f,f,f,h
h,h,h,h,h,h,h,h,f,f,MCA,ProctorDining,f,f,f,f,f,ProctorDining,f,f,f,f,f,h
h,h,h,h,h,h,h,ProctorDining,MBH,f,f,ProctorDining,ATD,f,f,f,ProctorDining,f,f,f,f,f,f,h
h,h,h,h,h,h,h,MBH,f,f,MBH,AXN,ProctorDining,f,f,f,f,ProctorDining,RCD,f,f,f,f,h
h,h,h,h,h,h,h,h,f,f,f,ATD,f,f,f,f,f,f,RCD,f,f,f,f,h
h,h,h,h,h,h,RCD,ATD,MCA,CHT,f,ProctorDining,f,f,f,f,ProctorDining,RCD,f,f,f,f,f,h
h,h,h,h,h,h,h,h,ATD,f,f,ProctorDining,f,f,MBH,f,f,f,f,f,f,f,f,h
h,h,h,h,h,h,h,ATD,MBH,f,f,RCD,f,f,f,f,f,f,f,f,f,f,f,h
h,h,h,h,h,h,h,MBH,f,WNS,MBH,f,f,f,MBH,f,f,f,f,f,f,f,f,h
h,h,h,h,h,h,h,RCD,f,f,f,RCD,f,f,f,f,f,f,f,f,f,f,f,h
h,h,h,h,h,h,h,RCD,MBH,MBH,MBH,MNR,f,f,f,f,f,f,f,f,f,f,f,h
h,h,h,h,h,h,ProctorDining,ATD,f,f,FIC,MBH,f,AXN,CHT,f,f,f,f,f,f,f,f,h
h,h,h,h,h,h,h,h,f,AXN,f,MBH,f,f,f,f,f,ProctorDining,f,f,f,f,f,h
h,h,h,h,h,h,h,MBH,f,f,FIC,RCD,f,f,f,f,f,f,f,f,f,f,f,h
h,h,h,h,h,h,h,h,HLD,f,MBH,f,RCD,MNR,MBH,f,f,f,f,f,f,f,f,h
h,h,h,h,h,h,h,ATD,f,f,f,GFD,ProctorDining,f,AXT,f,f,f,RCD,f,f,f,f,h
h,h,h,h,h,h,h,h,f,f,f,RCD,ProctorDining,f,f,f,f,f,f,f,f,f,f,h
h,h,h,h,h,h,h,h,MBH,f,FIC,RCD,RCD,f,f,f,f,RCD,ProctorDining,f,f,f,f,h
h,h,h,h,h,h,h,RCD,ProctorDining,f,WNS,MNR,f,f,f,f,f,ProctorDining,RCD,f,f,f,f,h
h,h,h,h,h,h,h,RCD,GFD,f,ProctorDining,f,f,f,f,f,f,ProctorDining,f,f,f,f,f,h
h,h,h,h,h,h,ProctorDining,h,AXN,f,ProctorDining,f,ProctorDining,f,AXN,f,f,f,f,f,f,f,f,h
h,h,h,h,h,h,h,h,MNR,f,WNS,ProctorDining,RCD,f,f,f,f,f,ProctorDining,f,f,f,f,h
h,h,h,h,h,h,h,ProctorDining,WNS,CHT,AXN,RCD,ATD,f,SDL,f,f,ProctorDining,f,f,f,f,f,h
h,h,h,h,h,h,h,h,RCD,LIB,MBH,CHT,ATD,f,f,f,f,RCD,f,f,f,f,f,h
h,h,h,h,h,h,h,h,f,f,f,HLD,ProctorDining,f,f,f,f,f,RCD,f,f,f,f,h
h,h,h,h,h,h,h,h,MBH,f,MBH,ProctorDining,ProctorDining,f,f,f,f,f,f,f,f,f,f,h
h,h,h,h,h,h,h,h,JHN,f,f,ProctorDining,ProctorDining,f,f,f,f,f,f,f,f,f,f,h
h,h,h,h,h,h,h,h,MBH,f,f,MNR,f,f,AXN,f,RCD,f,f,f,f,f,f,h
h,h,h,h,h,h,h,h,AXN,f,f,ProctorDining,ProctorDining,WNS,f,f,f,f,f,f,f,f,f,h
h,h,h,h,h,h,h,ATD,f,WNS,f,f,f,f,MBH,f,f,f,f,f,f,f,f,h
h,h,h,h,h,h,h,CHT,ProctorDining,f,f,LIB,f,f,AXT,f,f,RCD,ProctorDining,f,f,f,f,h
h,h,h,h,h,h,ATD,ATD,ProctorDining,f,RCD,AXN,f,f,f,f,f,f,RCD,f,f,f,f,h
h,h,h,h,h,h,h,MBH,ProctorDining,f,f,MNR,RCD,f,f,f,f,f,f,f,f,f,f,h
h,h,h,h,h,h,ProctorDining,h,f,ATD,ATD,RCD,RCD,f,f,f,f,f,f,f,f,f,f,h
h,h,h,h,h,h,h,h,WNS,f,f,MCA,f,f,f,f,f,ProctorDining,f,f,f,f,f,h
h,h,h,h,h,h,h,h,ATD,HLD,LIB,ProctorDining,f,f,f,f,f,f,f,f,f,f,f,h
h,h,h,h,h,h,h,RCD,RCD,WNS,f,RCD,f,f,f,f,f,ProctorDining,f,f,f,f,f,h
h,h,h,h,h,h,h,ATD,f,WNS,f,AXN,RCD,f,f,f,RCD,f,f,f,f,f,f,h
h,h,h,h,h,h,h,h,AXN,MBH,f,CHT,RCD,f,f,f,f,f,ProctorDining,f,f,f,f,h
h,h,h,h,h,h,h,WNS,ProctorDining,HLD,f,f,ATD,MBH,f,f,f,f,RCD,f,f,f,f,h
h,h,h,h,h,h,h,RCD,f,f,ATD,AXT,RCD,AXT,MBH,f,f,f,ProctorDining,f,f,f,f,h
h,h,h,h,h,h,h,h,WNS,f,f,RCD,f,f,f,f,f,ProctorDining,f,f,f,f,f,h
h,h,h,h,h,h,RCD,h,ProctorDining,f,WNS,RCD,ATD,f,f,f,f,RCD,f,f,f,f,f,h
h,h,h,h,h,h,h,h,ProctorDining,f,f,AXN,f,MBH,f,f,f,ProctorDining,RCD,f,f,f,f,h
h,h,h,h,h,h,h,h,MBH,f,f,RCD,f,f,f,f,f,ProctorDining,f,f,f,f,f,h
h,h,h,h,h,h,h,ProctorDining,ProctorDining,MBH,MBH,f,f,f,f,f,f,f,f,f,f,f,f,h
h,h,h,h,h,h,h,h,ATD,MCA,f,ATD,f,f,f,f,f,ProctorDining,f,f,f,f,f,h
h,h,h,h,h,h,h,h,WNS,AXN,MNR,OCH,f,f,f,f,f,f,f,f,f,f,f,h
h,h,h,h,h,h,h,ProctorDining,AXN,f,f,WNS,f,f,f,f,RCD,f,ProctorDining,f,f,f,f,h
h,h,h,h,h,h,h,h,MBH,f,f,MNR,f,f,f,f,f,RCD,ProctorDining,f,f,f,f,h
h,h,h,h,h,h,h,h,MBH,f,f,ATD,f,f,f,f,f,RCD,ProctorDining,f,f,f,f,h
h,h,h,h,h,h,h,h,f,MBH,f,RCD,f,f,f,f,f,f,RCD,f,f,f,f,h
h,h,h,h,h,h,h,h,MBH,MCA,RCD,ATD,f,f,f,f,ProctorDining,RCD,f,f,f,f,f,h
h,h,h,h,h,h,h,h,MBH,f,RCD,ProctorDining,ProctorDining,f,MCA,f,f,f,ProctorDining,f,f,f,f,h
h,h,h,h,h,h,h,h,HLD,f,f,FIC,f,f,f,f,f,f,ProctorDining,f,f,f,f,h
h,h,h,h,h,h,h,OCH,f,MBH,OCH,AXN,f,f,f,f,f,RCD,f,f,f,f,f,h
h,h,h,h,h,h,h,ProctorDining,f,MBH,f,RCD,f,f,AXN,f,f,f,f,f,f,f,f,h
h,h,h,h,h,h,h,h,RCD,f,f,FIC,f,FIC,AXN,f,f,f,ProctorDining,f,f,f,f,h
h,h,h,h,h,h,h,ProctorDining,f,MBH,f,f,f,f,f,f,f,ProctorDining,RCD,f,f,f,f,h
h,h,h,h,h,h,h,ATD,MCA,AXN,WNS,ProctorDining,f,f,f,f,f,ProctorDining,ProctorDining,f,f,f,f,h
h,h,h,h,h,h,h,h,RCD,f,ATD,ProctorDining,f,f,f,f,f,f,RCD,f,f,f,f,h
h,h,h,h,h,h,h,h,WNS,f,MBH,ProctorDining,f,MBH,f,f,f,ProctorDining,ProctorDining,f,f,f,f,h
h,h,h,h,h,h,h,RCD,MBH,f,f,CHT,ProctorDining,f,f,f,f,RCD,f,f,f,f,f,h
h,h,h,h,h,h,h,MBH,WNS,f,RCD,RCD,f,MNR,f,f,f,f,f,f,f,f,f,h
h,h,h,h,h,h,h,ProctorDining,RCD,f,MBH,ATD,RCD,f,f,f,RCD,f,f,f,f,f,f,h
h,h,h,h,h,h,h,ATD,f,f,JHN,RCD,f,f,f,f,f,f,f,f,f,f,f,h
h,h,h,h,h,h,h,h,ProctorDining,MCA,f,ProctorDining,ATD,f,f,f,f,f,ProctorDining,f,f,f,f,h
h,h,h,h,h,h,h,h,AXN,AXT,WNS,WNS,f,f,f,f,f,ProctorDining,f,f,f,f,f,h
h,h,h,h,h,h,h,h,MBH,f,MBH,ATD,f,f,CHT,f,f,f,ProctorDining,f,f,f,f,h
h,h,h,h,h,h,RCD,h,ProctorDining,MBH,RCD,RCD,f,f,MCA,f,f,f,f,f,f,f,f,h
h,h,h,h,h,h,h,h,MBH,MBH,MCA,AXT,f,f,f,f,f,f,f,f,f,f,f,h
h,h,h,h,h,h,h,h,RCD,f,f,f,f,f,f,f,f,ProctorDining,ProctorDining,f,f,f,f,h
h,h,h,h,h,h,h,h,f,f,MBH,RCD,f,f,f,f,f,f,f,f,f,f,f,h
h,h,h,h,h,h,h,RCD,RCD,f,f,ProctorDining,ProctorDining,f,f,f,f,f,f,f,f,f,f,h
h,h,h,h,h,h,h,h,ATD,f,f,RCD,f,f,f,f,f,f,RCD,f,f,f,f,h
h,h,h,h,h,h,ProctorDining,h,ATD,f,f,CHT,f,f,f,f,f,ProctorDining,f,f,f,f,f,h
h,h,h,h,h,h,h,RCD,ProctorDining,AXT,ATD,RCD,f,f,f,f,f,ProctorDining,ProctorDining,f,f,f,f,h
h,h,h,h,h,h,h,h,MBH,f,f,ProctorDining,f,f,f,f,f,f,f,f,f,f,f,h
h,h,h,h,h,h,h,h,f,f,HLD,f,f,f,f,f,f,RCD,f,f,f,f,f,h
h,h,h,h,h,h,h,ATD,f,AXN,WNS,RCD,ATD,f,CHT,f,f,f,f,f,f,f,f,h
h,h,h,h,h,h,h,h,MNR,f,f,f,f,f,f,f,f,ProctorDining,f,f,f,f,f,h
h,h,h,h,h,h,h,MBH,RCD,f,f,RCD,RCD,f,f,f,f,f,ProctorDining,f,f,f,f,h
h,h,h,h,h,h,h,ProctorDining,GFD,f,ATD,RCD,f,f,MBH,f,f,f,ProctorDining,f,f,f,f,h
h,h,h,h,h,h,h,WTH,MBH,ATD,f,WNS,RCD,f,f,f,f,ProctorDining,f,f,f,f,f,h
h,h,h,h,h,h,h,h,f,MBH,f,ProctorDining,ProctorDining,f,MBH,f,f,f,RCD,f,f,f,f,h
h,h,h,h,h,h,h,h,f,WNS,f,GFD,f,MBH,CHT,f,f,ProctorDining,f,f,f,f,f,h
h,h,h,h,h,h,h,h,f,f,MBH,RCD,f,f,CHT,f,f,f,f,f,f,f,f,h
h,h,h,h,h,h,h,MFH,WNS,f,RCD,MBH,ProctorDining,f,f,f,f,f,RCD,f,f,f,f,h
h,h,h,h,h,h,h,h,f,MCA,f,FIC,ProctorDining,f,MBH,f,f,f,ProctorDining,f,f,f,f,h
h,h,h,h,h,h,h,ATD,ATD,f,f,RCD,f,f,WNS,f,f,RCD,RCD,f,f,f,f,h
h,h,h,h,h,h,h,RCD,ProctorDining,MNR,f,ATD,f,MBH,f,f,f,f,RCD,f,f,f,f,h
h,h,h,h,h,h,h,h,GFD,f,f,ATD,f,f,f,f,f,f,f,f,f,f,f,h
h,h,h,h,h,h,h,h,MBH,f,RCD,MBH,RCD,f,MBH,f,f,f,f,f,f,f,f,h
h,h,h,h,h,h,h,ProctorDining,f,MCA,RCD,ATD,f,f,f,f,f,RCD,f,f,f,f,f,h
h,h,h,h,h,h,h,RCD,f,AXN,MBH,MBH,f,f,f,f,f,f,f,f,f,f,f,h
h,h,h,h,h,h,h,h,MBH,f,ProctorDining,MNR,f,f,f,f,f,f,f,f,f,f,f,h
h,h,h,h,h,h,h,MBH,AXN,f,f,ATD,f,f,f,f,f,f,RCD,f,f,f,f,h
h,h,h,h,h,h,h,h,ProctorDining,WNS,f,CHT,f,f,f,f,f,f,f,f,f,f,f,h
h,h,h,h,h,h,h,h,MBH,LIB,f,LIB,f,f,f,f,f,f,RCD,f,f,f,f,h
h,h,h,h,h,h,h,h,f,f,MBH,f,f,f,WNS,f,f,ProctorDining,f,f,f,f,f,h
h,h,h,h,h,h,h,ProctorDining,f,CHT,ProctorDining,MNR,ProctorDining,f,f,f,f,f,RCD,f,f,f,f,h
h,h,h,h,h,h,h,h,f,f,MBH,AXN,f,f,MBH,f,f,f,f,f,f,f,f,h
h,h,h,h,h,h,h,ProctorDining,f,f,ATD,ProctorDining,f,f,f,f,f,f,f,f,f,f,f,h
h,h,h,h,h,h,h,RCD,GFD,f,f,ProctorDining,ProctorDining,f,f,f,f,f,f,f,f,f,f,h
h,h,h,h,h,h,h,h,f,f,f,ProctorDining,f,AXT,f,f,f,f,f,f,f,f,f,h
h,h,h,h,h,h,h,MBH,ProctorDining,WNS,f,ATD,f,f,f,f,f,f,f,f,f,f,f,h
h,h,h,h,h,h,h,h,AXN,f,f,ATD,f,f,f,f,f,RCD,f,f,f,f,f,h
h,h,h,h,h,h,h,h,MBH,f,f,AXN,f,f,f,f,RCD,ProctorDining,RCD,f,f,f,f,h
h,h,h,h,h,h,h,ProctorDining,WNS,f,f,RCD,f,f,f,f,f,ProctorDining,f,f,f,f,f,h
h,h,h,h,h,h,h,h,CHT,SDL,WNS,WNS,RCD,f,CHT,f,f,f,RCD,f,f,f,f,h
h,h,h,h,h,h,h,h,MBH,MBH,WNS,WNS,f,MBH,SDL,f,f,RCD,f,f,f,f,f,h
h,h,h,h,h,h,h,ProctorDining,f,HLD,f,AXN,f,f,AXT,f,f,ProctorDining,ProctorDining,f,f,f,f,h
h,h,h,h,h,h,h,MBH,ATD,AXN,OCH,WNS,f,f,f,f,f,RCD,f,f,f,f,f,h
h,h,h,h,h,h,h,h,f,f,f,RCD,RCD,f,f,f,f,RCD,f,f,f,f,f,h
h,h,h,h,h,h,h,h,MBH,f,f,ProctorDining,f,AXT,f,f,f,ProctorDining,f,f,f,f,f,h
h,h,h,h,h,h,h,ProctorDining,AXN,f,MBH,ProctorDining,ATD,f,AXN,f,ProctorDining,f,f,f,f,f,f,h
h,h,h,h,h,h,h,ProctorDining,WNS,MNR,f,ATD,f,f,f,f,f,ProctorDining,f,f,f,f,f,h
h,h,h,h,h,h,h,h,f,f,f,ProctorDining,f,f,OCH,f,RCD,RCD,f,f,f,f,f,h
h,h,h,h,h,h,h,h,f,f,f,AXT,f,f,f,f,f,f,f,f,f,f,f,h
h,h,h,h,h,h,h,RCD,f,MNR,f,ProctorDining,f,f,f,f,f,RCD,f,f,f,f,f,h
h,h,h,h,h,h,ProctorDining,h,f,AXN,MNR,AXN,ATD,f,f,f,f,RCD,f,f,f,f,f,h
h,h,h,h,h,h,h,h,WNS,f,f,f,f,f,f,f,f,RCD,ProctorDining,f,f,f,f,h
h,h,h,h,h,h,h,h,f,AXT,f,ATD,ProctorDining,f,f,f,f,RCD,ProctorDining,f,f,f,f,h
h,h,h,h,h,h,h,WNS,MNR,MBH,MBH,MBH,f,MNR,WNS,f,f,ProctorDining,f,f,f,f,f,h
h,h,h,h,h,h,h,h,RCD,CHT,ProctorDining,f,f,f,f,f,f,f,RCD,f,f,f,f,h
h,h,h,h,h,h,h,ProctorDining,ProctorDining,f,f,f,f,f,f,f,ProctorDining,f,f,f,f,f,f,h
h,h,h,h,h,h,h,h,ATD,WNS,RCD,WNS,f,f,WNS,f,f,f,RCD,f,f,f,f,h
h,h,h,h,h,h,ProctorDining,h,MBH,WNS,f,AXN,f,f,f,f,f,f,f,f,f,f,f,h
h,h,h,h,h,h,h,h,ProctorDining,f,f,MNR,f,f,AXN,f,f,f,ProctorDining,f,f,f,f,h
h,h,h,h,h,h,RCD,h,f,f,RCD,CHT,f,f,MCA,f,f,f,f,f,f,f,f,h
h,h,h,h,h,h,h,h,MCA,f,MBH,f,f,f,OCH,f,f,RCD,f,f,f,f,f,h
h,h,h,h,h,h,h,h,f,f,AXN,RCD,ProctorDining,MNR,f,f,f,ProctorDining,RCD,f,f,f,f,h
h,h,h,h,h,h,h,h,ATD,f,MBH,RCD,f,f,WNS,f,f,f,f,f,f,f,f,h
h,h,h,h,h,h,h,h,ProctorDining,MBH,MBH,ATD,f,f,f,f,f,f,ProctorDining,f,f,f,f,h
h,h,h,h,h,h,h,RCD,CHT,f,f,LIB,f,f,f,f,f,RCD,ProctorDining,f,f,f,f,h
h,h,h,h,h,h,h,MBH,AXT,WNS,ATD,WNS,RCD,f,WNS,f,f,f,f,f,f,f,f,h
h,h,h,h,h,h,h,ProctorDining,f,f,f,f,f,f,WNS,f,f,f,RCD,f,f,f,f,h
h,h,h,h,h,h,h,h,f,f,WNS,AXT,f,AXN,f,f,f,RCD,ProctorDining,f,f,f,f,h
h,h,h,h,h,h,h,h,f,f,f,RCD,f,f,f,f,f,f,ProctorDining,f,f,f,f,h
h,h,h,h,h,h,h,h,f,f,f,RCD,f,f,f,f,f,f,f,f,f,f,f,h
h,h,h,h,h,h,h,h,f,HLD,RCD,ProctorDining,f,f,f,f,f,f,ProctorDining,f,f,f,f,h
h,h,h,h,h,h,h,h,WNS,AXN,f,ATD,ProctorDining,f,f,f,f,ProctorDining,ProctorDining,f,f,f,f,h
h,h,h,h,h,h,h,ProctorDining,GFD,CHT,ProctorDining,AXT,f,f,CHT,f,RCD,f,RCD,f,f,f,f,h
h,h,h,h,h,h,h,ProctorDining,f,SDL,MBH,RCD,f,AXT,MBH,f,ProctorDining,RCD,f,f,f,f,f,h
h,h,h,h,h,h,h,MBH,f,f,f,ProctorDining,RCD,f,WNS,f,f,RCD,f,f,f,f,f,h
h,h,h,h,h,h,h,RCD,f,MBH,MBH,HLD,f,f,f,f,f,f,f,f,f,f,f,h
h,h,h,h,h,h,h,h,f,f,f,FIC,f,f,SDL,f,f,f,f,f,f,f,f,h
h,h,h,h,h,h,h,h,JHN,MNR,f,RCD,ProctorDining,f,f,f,f,f,f,f,f,f,f,h
h,h,h,h,h,h,h,ATD,f,f,f,RCD,f,f,f,f,f,RCD,f,f,f,f,f,h
h,h,h,h,h,h,h,h,RCD,f,WNS,ATD,f,f,f,f,f,f,f,f,f,f,f,h
h,h,h,h,h,h,h,h,RCD,f,WNS,RCD,f,f,f,f,f,RCD,f,f,f,f,f,h
h,h,h,h,h,h,h,RCD,MBH,f,f,ATD,f,f,f,f,f,f,f,f,f,f,f,h
h,h,h,h,h,h,h,RCD,f,CHT,f,ProctorDining,f,f,AXT,f,RCD,f,f,f,f,f,f,h
h,h,h,h,h,h,h,ATD,AXN,f,f,ProctorDining,RCD,f,f,f,f,ProctorDining,f,f,f,f,f,h
h,h,h,h,h,h,h,MBH,MBH,GFD,f,WNS,ProctorDining,f,f,f,f,f,f,f,f,f,f,h
h,h,h,h,h,h,h,h,GFD,f,WNS,AXN,f,f,f,f,f,ProctorDining,f,f,f,f,f,h
h,h,h,h,h,h,h,h,MBH,f,f,f,ProctorDining,f,f,f,f,f,f,f,f,f,f,h
h,h,h,h,h,h,h,h,MBH,SDL,MNR,LIB,f,f,f,f,f,f,ProctorDining,f,f,f,f,h
h,h,h,h,h,h,h,h,f,AXT,AXN,AXN,f,f,f,f,RCD,f,RCD,f,f,f,f,h
h,h,h,h,h,h,h,h,MBH,MBH,f,RCD,f,f,f,f,f,RCD,f,f,f,f,f,h
h,h,h,h,h,h,h,RCD,MNR,MBH,WNS,ProctorDining,f,f,GFD,f,f,ProctorDining,f,f,f,f,f,h
h,h,h,h,h,h,h,RCD,f,f,RCD,AXT,ATD,f,f,f,f,ProctorDining,f,f,f,f,f,h
h,h,h,h,h,h,h,h,WNS,f,f,ATD,f,f,f,f,f,f,RCD,f,f,f,f,h
h,h,h,h,h,h,h,ProctorDining,AXT,f,MBH,WNS,ProctorDining,f,f,f,f,RCD,f,f,f,f,f,h
h,h,h,h,h,h,h,h,f,CHT,WNS,ATD,ProctorDining,f,f,f,RCD,RCD,RCD,f,f,f,f,h
h,h,h,h,h,h,h,ATD,JHN,f,HLD,AXN,f,f,f,f,f,f,f,f,f,f,f,h
h,h,h,h,h,h,h,h,ATD,f,f,f,f,f,f,f,f,ProctorDining,ProctorDining,f,f,f,f,h
h,h,h,h,h,h,h,h,RCD,MBH,RCD,MBH,f,f,f,f,f,ProctorDining,f,f,f,f,f,h
h,h,h,h,h,h,h,h,ATD,f,MBH,AXN,f,f,f,f,f,f,RCD,f,f,f,f,h
h,h,h,h,h,h,h,RCD,f,f,f,WNS,f,GFD,f,f,f,RCD,RCD,f,f,f,f,h
h,h,h,h,h,h,h,h,ProctorDining,f,f,f,f,f,f,f,f,f,f,f,f,f,f,h
h,h,h,h,h,h,h,h,ProctorDining,f,f,f,f,f,f,f,f,ProctorDining,f,f,f,f,f,h
h,h,h,h,h,h,h,ProctorDining,f,GFD,f,AXT,RCD,f,f,f,f,RCD,f,f,f,f,f,h
h,h,h,h,h,h,h,h,MBH,AXN,f,RCD,f,f,f,f,f,f,RCD,f,f,f,f,h
h,h,h,h,h,h,h,MNR,f,MCA,f,MNR,f,AXT,AXN,f,f,ProctorDining,ProctorDining,f,f,f,f,h
h,h,h,h,h,h,h,ATD,MBH,f,f,RCD,f,f,f,f,f,f,f,f,f,f,f,h
h,h,h,h,h,h,h,h,AXN,f,AXT,SDL,f,f,f,f,f,f,RCD,f,f,f,f,h
h,h,h,h,h,h,h,MNR,ATD,AXT,f,ATD,RCD,MBH,f,f,f,RCD,f,f,f,f,f,h
h,h,h,h,h,h,h,ATD,f,MCA,MBH,f,f,f,SDL,f,f,ProctorDining,f,f,f,f,f,h
h,h,h,h,h,h,h,h,ATD,WNS,MBH,AXN,f,f,f,f,f,RCD,f,f,f,f,f,h
h,h,h,h,h,h,h,h,MBH,f,f,ProctorDining,f,f,f,f,f,RCD,RCD,f,f,f,f,h
h,h,h,h,h,h,h,h,f,FIC,MBH,ProctorDining,RCD,f,MBH,f,f,f,RCD,f,f,f,f,h
h,h,h,h,h,h,h,h,HLD,f,HLD,CHT,ProctorDining,AXN,f,f,f,ProctorDining,f,f,f,f,f,h
h,h,h,h,h,h,h,ProctorDining,ATD,MFH,f,ProctorDining,RCD,f,f,f,f,RCD,f,f,f,f,f,h
h,h,h,h,h,h,h,ATD,ATD,HLD,f,CHT,f,f,MNR,f,f,ProctorDining,RCD,f,f,f,f,h
h,h,h,h,h,h,h,RCD,f,f,f,ATD,f,f,f,f,f,f,f,f,f,f,f,h
h,h,h,h,h,h,h,h,f,f,MBH,AXT,f,f,f,f,f,f,f,f,f,f,f,h
h,h,h,h,h,h,h,h,RCD,f,MBH,ProctorDining,f,f,MBH,f,ProctorDining,f,f,f,f,f,f,h
h,h,h,h,h,h,ProctorDining,ProctorDining,CHT,LIB,WNS,WNS,f,f,AXN,f,f,f,RCD,f,f,f,f,h
h,h,h,h,h,h,h,h,HLD,f,MBH,ProctorDining,ProctorDining,f,f,f,f,f,RCD,f,f,f,f,h
h,h,h,h,h,h,h,RCD,RCD,f,RCD,f,ATD,WNS,f,f,f,f,f,f,f,f,f,h
h,h,h,h,h,h,h,RCD,JHN,f,MBH,f,RCD,f,AXN,f,RCD,f,f,f,f,f,f,h
h,h,h,h,h,h,h,h,f,WNS,MBH,ProctorDining,f,f,f,f,f,f,f,f,f,f,f,h
h,h,h,h,h,h,h,h,f,MCA,f,ProctorDining,ATD,f,f,f,f,f,f,f,f,f,f,h
h,h,h,h,h,h,h,h,AXN,CHT,f,WNS,ProctorDining,f,f,f,f,RCD,ProctorDining,f,f,f,f,h
h,h,h,h,h,h,h,ProctorDining,ProctorDining,MBH,LIB,WNS,RCD,f,f,f,f,f,ProctorDining,f,f,f,f,h
h,h,h,h,h,h,h,h,RCD,MNR,f,f,f,f,f,f,f,ProctorDining,RCD,f,f,f,f,h
h,h,h,h,h,h,h,h,f,f,f,ProctorDining,f,f,HLD,f,f,RCD,RCD,f,f,f,f,h
h,h,h,h,h,h,h,ProctorDining,f,f,f,AXN,f,f,WNS,f,f,ProctorDining,f,f,f,f,f,h
h,h,h,h,h,h,h,RCD,f,f,WNS,RCD,f,f,f,f,f,f,RCD,f,f,f,f,h
h,h,h,h,h,h,h,h,f,f,f,f,f,f,f,f,RCD,f,f,f,f,f,f,h
h,h,h,h,h,h,h,h,ATD,MBH,RCD,RCD,f,f,f,f,f,f,ProctorDining,f,f,f,f,h
h,h,h,h,h,h,h,h,JHN,WNS,MBH,ProctorDining,ATD,f,MBH,f,f,RCD,RCD,f,f,f,f,h
h,h,h,h,h,h,h,RCD,MBH,f,f,ATD,f,GFD,f,f,f,f,RCD,f,f,f,f,h
h,h,h,h,h,h,h,h,AXT,WNS,f,RCD,f,f,LIB,f,f,f,f,f,f,f,f,h
h,h,h,h,h,h,h,OCH,AXN,SDL,f,ProctorDining,f,f,MNR,f,f,f,RCD,f,f,f,f,h
h,h,h,h,h,h,h,h,ProctorDining,AXN,RCD,LIB,f,f,f,f,f,RCD,f,f,f,f,f,h
h,h,h,h,h,h,h,MBH,AXN,f,ProctorDining,ProctorDining,f,f,f,f,f,f,f,f,f,f,f,h
h,h,h,h,h,h,h,h,ATD,MBH,f,MNR,ProctorDining,MNR,f,f,RCD,RCD,ProctorDining,f,f,f,f,h
h,h,h,h,h,h,ProctorDining,h,f,f,RCD,RCD,ATD,f,f,f,f,RCD,f,f,f,f,f,h
h,h,h,h,h,h,h,h,ProctorDining,f,f,MNR,RCD,f,f,f,f,f,f,f,f,f,f,h
h,h,h,h,h,h,h,h,f,f,MBH,ProctorDining,f,f,MCA,f,ProctorDining,f,RCD,f,f,f,f,h
h,h,h,h,h,h,h,ProctorDining,MNR,OCH,MBH,ProctorDining,RCD,f,f,f,RCD,f,ProctorDining,f,f,f,f,h
h,h,h,h,h,h,h,h,FIC,f,f,ATD,f,f,f,f,f,RCD,ProctorDining,f,f,f,f,h
h,h,h,h,h,h,h,h,WNS,MBH,f,ProctorDining,f,f,f,f,f,RCD,f,f,f,f,f,h
h,h,h,h,h,h,h,ATD,AXT,f,f,ATD,RCD,f,MBH,f,f,f,f,f,f,f,f,h
h,h,h,h,h,h,h,h,f,WNS,ATD,ATD,RCD,f,SDL,f,f,f,f,f,f,f,f,h
h,h,h,h,h,h,h,ProctorDining,RCD,AXN,f,ProctorDining,ATD,MNR,f,f,f,f,f,f,f,f,f,h
h,h,h,h,h,h,h,ProctorDining,f,f,f,WNS,f,f,f,f,f,f,f,f,f,f,f,h
h,h,h,h,h,h,h,h,f,f,f,ATD,f,f,MNR,f,f,RCD,f,f,f,f,f,h
h,h,h,h,h,h,h,h,RCD,f,JHN,ProctorDining,ProctorDining,f,f,f,f,f,f,f,f,f,f,h
h,h,h,h,h,h,ProctorDining,h,ATD,MBH,WNS,ATD,ATD,f,MNR,f,f,f,f,f,f,f,f,h
h,h,h,h,h,h,h,h,f,f,f,WNS,f,f,f,f,f,f,f,f,f,f,f,h
h,h,h,h,h,h,h,h,RCD,MBH,f,WNS,RCD,f,f,f,f,f,f,f,f,f,f,h
h,h,h,h,h,h,h,ATD,ProctorDining,f,f,ProctorDining,f,f,f,f,f,RCD,RCD,f,f,f,f,h
h,h,h,h,h,h,ATD,AXN,AXN,HLD,MBH,ProctorDining,ProctorDining,f,f,f,f,f,f,f,f,f,f,h
h,h,h,h,h,h,h,RCD,CHT,f,f,RCD,f,f,f,f,f,f,ProctorDining,f,f,f,f,h
h,h,h,h,h,h,h,h,MBH,f,f,ATD,f,f,f,f,f,RCD,f,f,f,f,f,h
h,h,h,h,h,h,h,ProctorDining,AXT,WNS,WNS,RCD,f,f,AXN,f,f,RCD,f,f,f,f,f,h
h,h,h,h,h,h,h,h,f,MCA,ATD,ATD,RCD,f,f,f,f,ProctorDining,f,f,f,f,f,h
h,h,h,h,h,h,h,MBH,RCD,f,f,LIB,f,f,f,f,f,f,f,f,f,f,f,h
h,h,h,h,h,h,h,h,ProctorDining,f,f,RCD,f,f,f,f,f,f,f,f,f,f,f,h
h,h,h,h,h,h,h,h,f,WNS,MBH,f,f,f,f,f,f,f,f,f,f,f,f,h
h,h,h,h,h,h,h,h,f,f,f,RCD,f,f,FIC,f,f,ProctorDining,f,f,f,f,f,h
h,h,h,h,h,h,h,h,f,WNS,f,CHT,f,f,f,f,RCD,RCD,RCD,f,f,f,f,h
h,h,h,h,h,h,h,ATD,f,HLD,WNS,RCD,f,MBH,WNS,f,f,f,RCD,f,f,f,f,h
h,h,h,h,h,h,h,ProctorDining,f,MBH,WNS,FIC,f,f,WNS,f,RCD,ProctorDining,RCD,f,f,f,f,h
h,h,h,h,h,h,h,h,RCD,MBH,f,ATD,ProctorDining,f,f,f,f,f,f,f,f,f,f,h
h,h,h,h,h,h,ProctorDining,RCD,ATD,MBH,f,ProctorDining,RCD,f,f,f,f,f,f,f,f,f,f,h
h,h,h,h,h,h,h,h,f,f,f,RCD,f,f,f,f,f,f,f,f,f,f,f,h
h,h,h,h,h,h,h,MBH,MBH,f,f,MNR,f,f,f,f,f,ProctorDining,RCD,f,f,f,f,h
h,h,h,h,h,h,h,h,f,f,f,RCD,f,f,f,f,f,RCD,RCD,f,f,f,f,h
h,h,h,h,h,h,h,h,f,WNS,CHT,MCA,f,f,f,f,f,RCD,ProctorDining,f,f,f,f,h
h,h,h,h,h,h,h,h,f,f,f,RCD,f,f,AXN,f,f,f,f,f,f,f,f,h
h,h,h,h,h,h,ProctorDining,h,f,f,f,AXN,RCD,f,AXT,f,f,f,RCD,f,f,f,f,h
h,h,h,h,h,h,h,h,WNS,f,ProctorDining,RCD,f,f,f,f,f,ProctorDining,f,f,f,f,f,h
h,h,h,h,h,h,h,h,RCD,CHT,MBH,RCD,f,MBH,f,f,f,f,RCD,f,f,f,f,h
h,h,h,h,h,h,h,h,CHT,WNS,RCD,RCD,f,f,f,f,f,f,f,f,f,f,f,h
h,h,h,h,h,h,h,h,MBH,MBH,RCD,ATD,f,f,f,f,f,f,f,f,f,f,f,h
h,h,h,h,h,h,h,h,f,f,f,FIC,RCD,GFD,f,f,f,ProctorDining,f,f,f,f,f,h
h,h,h,h,h,h,h,h,f,f,JHN,ATD,f,f,f,f,f,f,f,f,f,f,f,h
h,h,h,h,h,h,h,ProctorDining,ATD,MCA,f,ATD,f,MBH,AXN,f,f,f,ProctorDining,f,f,f,f,h
h,h,h,h,h,h,h,h,RCD,MBH,f,GFD,f,f,MBH,f,f,ProctorDining,RCD,f,f,f,f,h
h,h,h,h,h,h,ProctorDining,h,ProctorDining,MCA,ATD,CHT,RCD,f,f,f,f,ProctorDining,RCD,f,f,f,f,h
h,h,h,h,h,h,ProctorDining,MBH,f,f,f,CHT,ProctorDining,f,AXT,f,f,f,f,f,f,f,f,h
h,h,h,h,h,h,h,h,FIC,MBH,WNS,WNS,ProctorDining,f,f,f,f,RCD,f,f,f,f,f,h
h,h,h,h,h,h,h,MBH,FIC,MBH,f,RCD,f,f,f,f,f,RCD,f,f,f,f,f,h
h,h,h,h,h,h,h,h,ATD,MBH,MBH,MBH,f,f,f,f,f,ProctorDining,ProctorDining,f,f,f,f,h
h,h,h,h,h,h,h,h,AXN,f,FIC,ProctorDining,f,f,f,f,f,f,f,f,f,f,f,h
h,h,h,h,h,h,h,OCH,RCD,MBH,RCD,ProctorDining,f,f,MBH,f,f,ProctorDining,f,f,f,f,f,h
h,h,h,h,h,h,h,RCD,HLD,f,MBH,RCD,ProctorDining,f,f,f,f,RCD,f,f,f,f,f,h
h,h,h,h,h,h,h,h,f,f,WNS,AXT,f,f,f,f,f,f,f,f,f,f,f,h
h,h,h,h,h,h,h,MBH,f,MCA,RCD,ProctorDining,f,f,f,f,f,RCD,f,f,f,f,f,h
h,h,h,h,h,h,h,h,MBH,HLD,f,ProctorDining,f,f,RCD,f,f,f,f,f,f,f,f,h
h,h,h,h,h,h,h,h,ATD,f,MBH,RCD,f,f,f,f,f,ProctorDining,f,f,f,f,f,h
h,h,h,h,h,h,h,h,RCD,f,MBH,f,f,MBH,f,f,RCD,f,f,f,f,f,f,h
h,h,h,h,h,h,h,h,ATD,MBH,JHN,f,f,f,f,f,f,f,ProctorDining,f,f,f,f,h
h,h,h,h,h,h,h,ProctorDining,CHT,GFD,FIC,RCD,ProctorDining,f,f,f,f,ProctorDining,RCD,f,f,f,f,h
h,h,h,h,h,h,h,WNS,MBH,f,f,LIB,f,f,CHT,f,f,ProctorDining,RCD,f,f,f,f,h
h,h,h,h,h,h,ProctorDining,h,JHN,LIB,RCD,ProctorDining,ATD,f,f,f,f,RCD,f,f,f,f,f,h
h,h,h,h,h,h,h,h,f,WNS,f,HLD,ATD,f,MCA,f,f,RCD,f,f,f,f,f,h
h,h,h,h,h,h,h,h,f,AXN,f,f,ProctorDining,f,f,f,ProctorDining,f,f,f,f,f,f,h
h,h,h,h,h,h,h,RCD,MBH,f,MBH,f,ProctorDining,f,f,f,ProctorDining,RCD,RCD,f,f,f,f,h
h,h,h,h,h,h,h,WTH,f,f,f,RCD,f,f,f,f,f,f,f,f,f,f,f,h
h,h,h,h,h,h,h,h,f,f,f,ProctorDining,f,f,f,f,f,ProctorDining,f,f,f,f,f,h
h,h,h,h,h,h,h,ProctorDining,MNR,f,RCD,RCD,ATD,f,f,f,ProctorDining,RCD,RCD,f,f,f,f,h
h,h,h,h,h,h,h,h,f,WNS,ATD,ProctorDining,f,f,f,f,f,f,f,f,f,f,f,h
h,h,h,h,h,h,h,OCH,AXT,WNS,RCD,MNR,f,f,f,f,f,f,f,f,f,f,f,h
h,h,h,h,h,h,h,h,f,f,f,f,f,MBH,WNS,f,f,f,f,f,f,f,f,h
h,h,h,h,h,h,h,ATD,FIC,MBH,MNR,ProctorDining,ProctorDining,f,f,f,f,f,RCD,f,f,f,f,h
h,h,h,h,h,h,h,ProctorDining,f,LIB,ProctorDining,ProctorDining,f,f,f,f,f,f,ProctorDining,f,f,f,f,h
h,h,h,h,h,h,h,h,JHN,f,f,WNS,RCD,f,f,f,f,f,f,f,f,f,f,h
h,h,h,h,h,h,h,ATD,MBH,f,f,RCD,f,f,MNR,f,f,RCD,RCD,f,f,f,f,h
h,h,h,h,h,h,h,h,f,f,MBH,RCD,f,f,AXN,f,f,f,ProctorDining,f,f,f,f,h
h,h,h,h,h,h,h,h,f,f,MBH,ProctorDining,f,AXT,f,f,f,ProctorDining,ProctorDining,f,f,f,f,h
h,h,h,h,h,h,h,h,RCD,LIB,f,GFD,f,f,f,f,f,RCD,RCD,f,f,f,f,h
h,h,h,h,h,h,h,h,AXT,f,f,RCD,f,f,f,f,f,f,RCD,f,f,f,f,h
h,h,h,h,h,h,RCD,h,AXN,HLD,f,RCD,f,f,MBH,f,f,f,RCD,f,f,f,f,h
h,h,h,h,h,h,h,h,ProctorDining,f,f,AXN,f,f,f,f,f,f,f,f,f,f,f,h
h,h,h,h,h,h,h,h,f,f,f,ProctorDining,f,f,f,f,f,f,f,f,f,f,f,h
h,h,h,h,h,h,ATD,h,GFD,f,RCD,ProctorDining,ProctorDining,f,f,f,f,ProctorDining,f,f,f,f,f,h
h,h,h,h,h,h,h,h,AXN,HLD,f,ATD,f,f,f,f,f,ProctorDining,RCD,f,f,f,f,h
h,h,h,h,h,h,h,RCD,f,f,f,ProctorDining,ProctorDining,f,f,f,f,f,f,f,f,f,f,h
h,h,h,h,h,h,h,RCD,f,f,WNS,AXN,f,f,WNS,f,f,f,ProctorDining,f,f,f,f,h
h,h,h,h,h,h,h,ProctorDining,f,CHT,f,ATD,RCD,f,f,f,f,RCD,f,f,f,f,f,h
h,h,h,h,h,h,h,RCD,f,f,f,RCD,f,f,WNS,f,f,RCD,f,f,f,f,f,h
h,h,h,h,h,h,h,ATD,f,f,MBH,ProctorDining,f,f,f,f,f,f,f,f,f,f,f,h
h,h,h,h,h,h,h,ProctorDining,ATD,f,f,MNR,f,f,f,f,ProctorDining,f,RCD,f,f,f,f,h
h,h,h,h,h,h,h,RCD,CHT,f,MBH,WNS,ProctorDining,f,RCD,f,f,ProctorDining,f,f,f,f,f,h
h,h,h,h,h,h,h,ATD,CHT,f,RCD,WNS,ATD,f,f,f,f,RCD,RCD,f,f,f,f,h
h,h,h,h,h,h,h,MBH,AXT,AXN,ProctorDining,RCD,f,MBH,f,f,f,f,f,f,f,f,f,h
h,h,h,h,h,h,h,RCD,MBH,f,RCD,ProctorDining,ATD,f,f,f,f,f,f,f,f,f,f,h
h,h,h,h,h,h,h,h,f,f,ATD,ATD,f,f,f,f,f,f,f,f,f,f,f,h
h,h,h,h,h,h,h,h,WNS,f,f,RCD,ProctorDining,f,f,f,f,f,f,f,f,f,f,h
h,h,h,h,h,h,h,RCD,MBH,AXN,f,FIC,f,f,f,f,f,RCD,f,f,f,f,f,h
h,h,h,h,h,h,h,ATD,HLD,f,RCD,ATD,f,f,f,f,RCD,RCD,RCD,f,f,f,f,h
h,h,h,h,h,h,h,h,WNS,MBH,ATD,CHT,f,f,SDL,f,f,f,f,f,f,f,f,h
h,h,h,h,h,h,h,h,MBH,LIB,ProctorDining,ProctorDining,f,f,f,f,f,f,f,f,f,f,f,h
h,h,h,h,h,h,h,h,ATD,MBH,f,RCD,f,f,f,f,f,f,f,f,f,f,f,h
h,h,h,h,h,h,h,RCD,ProctorDining,f,WNS,f,f,f,f,f,f,f,ProctorDining,f,f,f,f,h
h,h,h,h,h,h,h,h,WNS,f,f,ATD,f,f,f,f,f,RCD,f,f,f,f,f,h
h,h,h,h,h,h,h,h,ProctorDining,OCH,MNR,f,f,f,CHT,f,f,RCD,f,f,f,f,f,h
h,h,h,h,h,h,h,h,CHT,MBH,ATD,ProctorDining,f,f,f,f,f,ProctorDining,f,f,f,f,f,h
h,h,h,h,h,h,h,ProctorDining,RCD,f,f,CHT,f,f,f,f,ProctorDining,f,f,f,f,f,f,h
h,h,h,h,h,h,RCD,h,RCD,f,LIB,ProctorDining,ProctorDining,MNR,f,f,f,f,f,f,f,f,f,h
h,h,h,h,h,h,h,ATD,MBH,f,ATD,ProctorDining,f,f,f,f,f,ProctorDining,f,f,f,f,f,h
h,h,h,h,h,h,h,MBH,MBH,MBH,ATD,f,f,f,WNS,f,f,ProctorDining,RCD,f,f,f,f,h
h,h,h,h,h,h,h,RCD,f,AXN,f,WNS,ProctorDining,f,MCA,f,f,RCD,f,f,f,f,f,h
h,h,h,h,h,h,h,h,CHT,f,f,f,f,f,f,f,f,RCD,RCD,f,f,f,f,h
h,h,h,h,h,h,h,h,CHT,LIB,f,MBH,f,f,f,f,f,f,f,f,f,f,f,h
h,h,h,h,h,h,h,ProctorDining,AXT,f,ProctorDining,MNR,f,f,WNS,f,RCD,ProctorDining,RCD,f,f,f,f,h
h,h,h,h,h,h,h,h,HLD,f,f,ProctorDining,f,f,f,f,f,RCD,ProctorDining,f,f,f,f,h
h,h,h,h,h,h,h,h,ProctorDining,f,MBH,RCD,f,f,f,f,f,RCD,f,f,f,f,f,h
h,h,h,h,h,h,h,h,f,WNS,f,ProctorDining,f,f,WNS,f,f,ProctorDining,f,f,f,f,f,h
h,h,h,h,h,h,h,h,AXN,f,f,RCD,f,f,f,f,f,RCD,ProctorDining,f,f,f,f,h
h,h,h,h,h,h,h,h,AXT,GFD,HLD,RCD,f,f,f,f,f,ProctorDining,f,f,f,f,f,h
h,h,h,h,h,h,h,ProctorDining,ProctorDining,WNS,WNS,RCD,f,f,WNS,f,f,f,f,f,f,f,f,h
h,h,h,h,h,h,h,h,WNS,WNS,MBH,ATD,f,f,f,f,f,ProctorDining,f,f,f,f,f,h
h,h,h,h,h,h,h,MBH,AXT,MBH,f,ProctorDining,f,f,f,f,f,f,f,f,f,f,f,h
h,h,h,h,h,h,h,MBH,CHT,f,f,RCD,ProctorDining,f,f,f,f,f,f,f,f,f,f,h
h,h,h,h,h,h,h,h,AXN,f,f,MNR,ProctorDining,f,f,f,f,f,RCD,f,f,f,f,h
h,h,h,h,h,h,h,h,f,f,WNS,ProctorDining,ATD,f,MCA,f,f,f,f,f,f,f,f,h
h,h,h,h,h,h,h,h,WNS,MBH,MBH,AXN,f,f,f,f,f,ProctorDining,RCD,f,f,f,f,h
h,h,h,h,h,h,h,ATD,RCD,HLD,f,ProctorDining,RCD,f,MBH,f,f,f,f,f,f,f,f,h
h,h,h,h,h,h,h,RCD,f,WNS,MBH,RCD,ProctorDining,f,MBH,f,f,RCD,f,f,f,f,f,h
h,h,h,h,h,h,h,ProctorDining,LIB,MBH,f,f,RCD,f,f,f,f,f,f,f,f,f,f,h
h,h,h,h,h,h,h,h,MBH,f,FIC,ATD,f,f,f,f,f,f,f,f,f,f,f,h
h,h,h,h,h,h,h,RCD,f,WNS,f,RCD,f,f,f,f,f,f,f,f,f,f,f,h
h,h,h,h,h,h,h,MBH,FIC,f,f,WNS,f,f,f,f,f,f,f,f,f,f,f,h
h,h,h,h,h,h,h,ATD,MNR,f,MBH,MNR,f,f,f,f,f,f,f,f,f,f,f,h
h,h,h,h,h,h,h,h,f,f,RCD,f,f,f,f,f,RCD,f,f,f,f,f,f,h
h,h,h,h,h,h,h,h,JHN,f,f,AXN,f,AXT,f,f,f,f,f,f,f,f,f,h
h,h,h,h,h,h,h,h,ATD,MBH,WNS,HLD,ProctorDining,f,AXT,f,f,f,RCD,f,f,f,f,h
h,h,h,h,h,h,h,h,f,f,ATD,MNR,ProctorDining,f,SDL,f,ProctorDining,ProctorDining,f,f,f,f,f,h
h,h,h,h,h,h,h,h,AXT,WNS,f,RCD,f,f,f,f,f,RCD,ProctorDining,f,f,f,f,h
h,h,h,h,h,h,h,h,f,MCA,f,CHT,f,f,f,f,f,f,f,f,f,f,f,h
h,h,h,h,h,h,h,h,MBH,MNR,f,ProctorDining,f,f,f,f,f,f,f,f,f,f,f,h
h,h,h,h,h,h,h,MBH,f,f,RCD,MBH,f,f,f,f,f,f,f,f,f,f,f,h
h,h,h,h,h,h,h,h,RCD,f,HLD,MNR,ProctorDining,f,f,f,f,f,ProctorDining,f,f,f,f,h
h,h,h,h,h,h,h,h,MBH,f,f,AXN,f,f,MCA,f,f,f,RCD,f,f,f,f,h
h,h,h,h,h,h,h,h,ATD,f,f,FIC,f,f,MBH,f,f,RCD,f,f,f,f,f,h
h,h,h,h,h,h,h,MBH,f,f,RCD,MNR,f,f,f,f,f,f,f,f,f,f,f,h
h,h,h,h,h,h,h,h,GFD,MFH,RCD,ATD,f,f,f,f,f,RCD,f,f,f,f,f,h
h,h,h,h,h,h,h,h,f,WNS,RCD,MNR,f,f,MBH,f,f,f,ProctorDining,f,f,f,f,h
h,h,h,h,h,h,h,ProctorDining,MNR,WNS,f,ProctorDining,ProctorDining,f,f,f,f,f,f,f,f,f,f,h
h,h,h,h,h,h,h,RCD,ATD,f,f,ATD,f,MNR,f,f,f,ProctorDining,f,f,f,f,f,h
h,h,h,h,h,h,h,ProctorDining,ProctorDining,WNS,ATD,ATD,f,f,f,f,f,f,f,f,f,f,f,h
h,h,h,h,h,h,h,h,ProctorDining,AXN,RCD,RCD,f,f,f,f,f,f,f,f,f,f,f,h
h,h,h,h,h,h,h,h,MBH,f,f,ATD,ProctorDining,f,f,f,f,f,f,f,f,f,f,h
h,h,h,h,h,h,h,h,f,f,MBH,WNS,f,f,f,f,f,RCD,RCD,f,f,f,f,h
h,h,h,h,h,h,h,RCD,JHN,f,ATD,ProctorDining,f,f,f,f,f,f,f,f,f,f,f,h
h,h,h,h,h,h,h,RCD,GFD,f,f,ATD,f,f,AXT,f,f,f,ProctorDining,f,f,f,f,h
h,h,h,h,h,h,h,h,ProctorDining,MBH,f,f,f,f,f,f,f,ProctorDining,f,f,f,f,f,h
h,h,h,h,h,h,h,ATD,ATD,f,f,RCD,f,f,f,f,f,f,f,f,f,f,f,h
h,h,h,h,h,h,ATD,h,ProctorDining,f,ATD,RCD,f,f,SDL,f,f,f,RCD,f,f,f,f,h
h,h,h,h,h,h,h,h,ProctorDining,f,f,ATD,ATD,f,f,f,f,f,RCD,f,f,f,f,h
h,h,h,h,h,h,h,MBH,AXN,f,ATD,MCA,f,f,MCA,f,f,ProctorDining,f,f,f,f,f,h
h,h,h,h,h,h,ATD,h,ProctorDining,f,WNS,ATD,f,f,f,f,f,f,f,f,f,f,f,h
h,h,h,h,h,h,h,ProctorDining,f,f,ATD,LIB,ATD,f,f,f,f,RCD,f,f,f,f,f,h
h,h,h,h,h,h,h,h,f,AXN,f,ATD,f,MBH,f,f,f,ProctorDining,f,f,f,f,f,h
h,h,h,h,h,h,h,ProctorDining,ProctorDining,f,ATD,ATD,f,f,f,f,f,f,f,f,f,f,f,h
h,h,h,h,h,h,h,ProctorDining,f,AXN,f,f,f,f,f,f,f,f,f,f,f,f,f,h
h,h,h,h,h,h,h,ATD,f,f,f,RCD,f,f,f,f,f,f,f,f,f,f,f,h
h,h,h,h,h,h,h,h,LIB,MCA,ATD,ProctorDining,f,f,f,f,f,f,f,f,f,f,f,h
h,h,h,h,h,h,h,h,ProctorDining,f,MCA,ATD,f,f,f,f,f,RCD,ProctorDining,f,f,f,f,h
h,h,h,h,h,h,h,RCD,f,f,f,ATD,f,MBH,f,f,f,f,ProctorDining,f,f,f,f,h
h,h,h,h,h,h,h,h,f,f,RCD,MNR,f,f,f,f,f,f,f,f,f,f,f,h
h,h,h,h,h,h,h,ProctorDining,ProctorDining,f,ATD,FIC,f,f,f,f,f,ProctorDining,ProctorDining,f,f,f,f,h
h,h,h,h,h,h,h,h,WNS,f,f,ATD,ProctorDining,f,f,f,ProctorDining,f,f,f,f,f,f,h
h,h,h,h,h,h,h,h,f,MBH,f,ProctorDining,ProctorDining,MBH,f,f,f,f,RCD,f,f,f,f,h
h,h,h,h,h,h,h,ProctorDining,RCD,WNS,ATD,ATD,f,f,f,f,f,f,f,f,f,f,f,h
h,h,h,h,h,h,h,h,f,f,WNS,MCA,f,f,AXN,f,f,f,f,f,f,f,f,h
h,h,h,h,h,h,h,h,f,MBH,WNS,f,ProctorDining,f,f,f,f,f,ProctorDining,f,f,f,f,h
h,h,h,h,h,h,h,h,RCD,CHT,ATD,AXN,f,f,f,f,f,ProctorDining,f,f,f,f,f,h
h,h,h,h,h,h,h,h,WNS,MBH,ProctorDining,ProctorDining,f,f,f,f,f,RCD,RCD,f,f,f,f,h
h,h,h,h,h,h,h,h,GFD,MBH,f,RCD,f,f,f,f,f,ProctorDining,f,f,f,f,f,h
h,h,h,h,h,h,h,h,AXN,FIC,MBH,MNR,RCD,f,f,f,f,RCD,f,f,f,f,f,h
h,h,h,h,h,h,h,h,f,AXN,f,ATD,f,f,f,f,f,f,ProctorDining,f,f,f,f,h
h,h,h,h,h,h,h,h,RCD,WNS,MBH,WNS,f,f,f,f,f,f,f,f,f,f,f,h
h,h,h,h,h,h,h,h,ATD,HLD,f,ATD,f,f,SDL,f,f,f,f,f,f,f,f,h
h,h,h,h,h,h,h,RCD,f,f,JHN,ProctorDining,f,f,MNR,f,f,f,RCD,f,f,f,f,h
h,h,h,h,h,h,h,RCD,f,MFH,MBH,RCD,ProctorDining,f,f,f,f,f,f,f,f,f,f,h
h,h,h,h,h,h,h,h,f,f,f,LIB,f,f,MBH,f,f,ProctorDining,ProctorDining,f,f,f,f,h
h,h,h,h,h,h,h,h,f,AXN,WNS,MBH,RCD,AXT,f,f,f,RCD,f,f,f,f,f,h
h,h,h,h,h,h,h,h,MBH,f,ATD,ATD,f,f,WNS,f,ProctorDining,f,f,f,f,f,f,h
h,h,h,h,h,h,h,AXN,f,f,WNS,CHT,RCD,f,WNS,f,f,f,f,f,f,f,f,h
h,h,h,h,h,h,h,ProctorDining,AXN,MNR,f,WNS,ATD,f,RCD,f,f,f,ProctorDining,f,f,f,f,h
h,h,h,h,h,h,h,h,f,f,f,f,f,f,LIB,f,RCD,f,ProctorDining,f,f,f,f,h
h,h,h,h,h,h,h,h,ProctorDining,f,f,MNR,f,f,CHT,f,f,f,f,f,f,f,f,h
h,h,h,h,h,h,h,h,f,LIB,ProctorDining,f,RCD,f,f,f,f,RCD,RCD,f,f,f,f,h
h,h,h,h,h,h,h,h,f,WNS,RCD,LIB,ATD,f,MBH,f,f,f,ProctorDining,f,f,f,f,h
h,h,h,h,h,h,h,h,f,MBH,f,f,f,f,f,f,RCD,f,RCD,f,f,f,f,h
h,h,h,h,h,h,h,ProctorDining,WNS,f,f,f,f,f,f,f,ProctorDining,ProctorDining,ProctorDining,f,f,f,f,h
h,h,h,h,h,h,h,h,WNS,f,MBH,WNS,f,f,f,f,RCD,ProctorDining,f,f,f,f,f,h
h,h,h,h,h,h,h,h,f,f,f,ProctorDining,f,f,f,f,f,RCD,f,f,f,f,f,h
h,h,h,h,h,h,h,ProctorDining,f,CHT,MBH,AXT,f,f,f,f,f,RCD,RCD,f,f,f,f,h
h,h,h,h,h,h,h,h,f,AXN,f,CHT,RCD,f,f,f,f,f,f,f,f,f,f,h
h,h,h,h,h,h,h,h,CHT,WNS,f,AXN,ProctorDining,f,f,f,f,ProctorDining,RCD,f,f,f,f,h
h,h,h,h,h,h,RCD,h,LIB,AXT,f,ProctorDining,f,f,f,f,f,f,f,f,f,f,f,h
h,h,h,h,h,h,h,WNS,CHT,f,f,ProctorDining,f,f,MNR,f,f,RCD,f,f,f,f,f,h
h,h,h,h,h,h,h,RCD,RCD,f,f,CHT,RCD,f,AXT,f,f,f,f,f,f,f,f,h
h,h,h,h,h,h,h,ProctorDining,RCD,f,ATD,CHT,f,f,WNS,f,f,f,f,f,f,f,f,h
h,h,h,h,h,h,h,h,MCA,f,f,f,f,MBH,f,f,f,RCD,f,f,f,f,f,h
h,h,h,h,h,h,h,WNS,ProctorDining,MBH,f,ATD,f,f,f,f,f,f,ProctorDining,f,f,f,f,h
h,h,h,h,h,h,h,h,CHT,MBH,WNS,f,f,f,f,f,f,RCD,f,f,f,f,f,h
h,h,h,h,h,h,h,ATD,f,AXT,f,ProctorDining,f,f,f,f,f,f,ProctorDining,f,f,f,f,h
h,h,h,h,h,h,h,h,MBH,f,f,ProctorDining,f,f,f,f,f,f,f,f,f,f,f,h
h,h,h,h,h,h,h,RCD,AXN,AXN,f,f,f,f,f,f,f,ProctorDining,ProctorDining,f,f,f,f,h
h,h,h,h,h,h,h,h,RCD,f,f,f,ATD,f,f,f,f,ProctorDining,f,f,f,f,f,h
h,h,h,h,h,h,h,WNS,MNR,f,f,ProctorDining,f,f,SDL,f,f,f,f,f,f,f,f,h
h,h,h,h,h,h,h,h,ATD,f,CHT,RCD,f,f,OCH,f,f,f,f,f,f,f,f,h
h,h,h,h,h,h,h,ATD,MBH,f,f,f,RCD,f,f,f,f,f,f,f,f,f,f,h
h,h,h,h,h,h,h,h,f,f,f,f,f,f,f,f,f,f,f,f,f,f,f,h
h,h,h,h,h,h,h,RCD,WNS,f,f,RCD,f,f,f,f,f,f,RCD,f,f,f,f,h
h,h,h,h,h,h,h,h,f,HLD,f,AXT,f,f,WNS,f,f,f,ProctorDining,f,f,f,f,h
h,h,h,h,h,h,h,MNR,RCD,f,RCD,f,f,f,f,f,f,RCD,f,f,f,f,f,h
h,h,h,h,h,h,h,h,f,f,f,ProctorDining,f,f,f,f,f,f,f,f,f,f,f,h
h,h,h,h,h,h,RCD,h,f,WNS,f,MBH,f,f,f,f,f,f,f,f,f,f,f,h
h,h,h,h,h,h,h,MBH,WNS,f,MBH,ATD,f,f,LIB,f,f,RCD,RCD,f,f,f,f,h
h,h,h,h,h,h,h,WNS,f,f,f,f,f,f,f,f,f,RCD,f,f,f,f,f,h
h,h,h,h,h,h,h,h,f,WNS,WNS,ATD,f,f,f,f,f,RCD,f,f,f,f,f,h
h,h,h,h,h,h,RCD,RCD,f,MBH,CHT,ProctorDining,ProctorDining,f,f,f,f,RCD,f,f,f,f,f,h
h,h,h,h,h,h,h,WNS,ATD,f,LIB,AXT,ATD,f,MBH,f,f,f,f,f,f,f,f,h
h,h,h,h,h,h,h,MBH,MBH,f,f,MNR,f,f,f,f,f,f,f,f,f,f,f,h
h,h,h,h,h,h,h,h,HLD,f,f,ProctorDining,f,f,f,f,f,f,f,f,f,f,f,h
h,h,h,h,h,h,h,h,f,AXT,AXT,AXN,RCD,f,MNR,f,f,f,f,f,f,f,f,h
h,h,h,h,h,h,h,ProctorDining,f,MBH,f,CHT,f,f,f,f,f,f,f,f,f,f,f,h
h,h,h,h,h,h,h,h,ProctorDining,f,f,WNS,ATD,f,f,f,f,f,f,f,f,f,f,h
h,h,h,h,h,h,h,MNR,MBH,f,f,ProctorDining,f,f,f,f,f,f,f,f,f,f,f,h
h,h,h,h,h,h,h,h,CHT,OCH,f,RCD,f,f,f,f,f,f,RCD,f,f,f,f,h
h,h,h,h,h,h,h,MBH,f,MCA,WNS,ProctorDining,f,f,f,f,f,RCD,ProctorDining,f,f,f,f,h
h,h,h,h,h,h,h,h,f,WNS,f,ATD,ProctorDining,f,f,f,ProctorDining,RCD,f,f,f,f,f,h
h,h,h,h,h,h,h,h,MBH,AXN,f,CHT,f,f,f,f,f,f,f,f,f,f,f,h
h,h,h,h,h,h,h,h,f,f,f,RCD,ProctorDining,f,f,f,f,f,RCD,f,f,f,f,h
h,h,h,h,h,h,h,RCD,MBH,f,RCD,RCD,ProctorDining,f,f,f,ProctorDining,f,f,f,f,f,f,h
h,h,h,h,h,h,RCD,WNS,CHT,f,f,RCD,ProctorDining,f,f,f,f,ProctorDining,f,f,f,f,f,h
h,h,h,h,h,h,h,ProctorDining,JHN,f,RCD,ATD,f,f,f,f,f,f,f,f,f,f,f,h
h,h,h,h,h,h,h,h,MBH,AXT,f,RCD,f,f,f,f,f,f,f,f,f,f,f,h
h,h,h,h,h,h,h,ProctorDining,f,WNS,MNR,MNR,f,MNR,f,f,f,RCD,ProctorDining,f,f,f,f,h
h,h,h,h,h,h,h,h,ProctorDining,f,OCH,f,f,f,WNS,f,f,f,ProctorDining,f,f,f,f,h
h,h,h,h,h,h,RCD,h,RCD,CHT,MBH,ATD,f,f,f,f,f,f,ProctorDining,f,f,f,f,h
h,h,h,h,h,h,h,WNS,f,f,WNS,f,f,f,f,f,f,RCD,f,f,f,f,f,h
h,h,h,h,h,h,h,h,LIB,f,f,ProctorDining,ProctorDining,MNR,f,f,f,f,ProctorDining,f,f,f,f,h
h,h,h,h,h,h,h,h,MBH,f,f,ProctorDining,f,f,OCH,f,f,ProctorDining,f,f,f,f,f,h
h,h,h,h,h,h,h,MBH,MNR,f,f,CHT,f,f,MBH,f,f,RCD,ProctorDining,f,f,f,f,h
h,h,h,h,h,h,h,h,f,f,f,ATD,f,f,f,f,f,f,f,f,f,f,f,h
h,h,h,h,h,h,h,h,f,f,f,f,f,f,GFD,f,f,f,f,f,f,f,f,h
h,h,h,h,h,h,h,h,GFD,f,f,f,f,f,f,f,ProctorDining,ProctorDining,RCD,f,f,f,f,h
h,h,h,h,h,h,h,h,MBH,f,f,f,f,f,SDL,f,f,RCD,f,f,f,f,f,h
h,h,h,h,h,h,h,h,f,f,f,ProctorDining,ProctorDining,f,f,f,f,ProctorDining,f,f,f,f,f,h
h,h,h,h,h,h,h,h,AXN,AXT,f,RCD,ATD,f,WNS,f,f,f,f,f,f,f,f,h
h,h,h,h,h,h,h,h,JHN,f,RCD,HLD,ProctorDining,f,f,f,f,ProctorDining,ProctorDining,f,f,f,f,h
h,h,h,h,h,h,h,ATD,ProctorDining,MBH,MBH,ProctorDining,f,f,f,f,f,ProctorDining,f,f,f,f,f,h
h,h,h,h,h,h,h,h,JHN,MBH,MBH,WNS,f,f,f,f,f,f,RCD,f,f,f,f,h
h,h,h,h,h,h,h,h,f,f,f,RCD,f,f,f,f,f,f,f,f,f,f,f,h
h,h,h,h,h,h,h,h,CHT,f,f,LIB,f,f,f,f,f,RCD,f,f,f,f,f,h
h,h,h,h,h,h,h,h,WNS,f,ATD,RCD,f,f,f,f,f,ProctorDining,RCD,f,f,f,f,h
h,h,h,h,h,h,h,h,f,f,f,ATD,RCD,MBH,f,f,f,f,f,f,f,f,f,h
h,h,h,h,h,h,h,RCD,ProctorDining,f,CHT,ProctorDining,f,f,f,f,f,f,f,f,f,f,f,h
h,h,h,h,h,h,h,ProctorDining,f,MCA,f,AXN,f,f,f,f,f,ProctorDining,f,f,f,f,f,h
h,h,h,h,h,h,h,h,MBH,HLD,f,WNS,RCD,f,f,f,f,RCD,RCD,f,f,f,f,h
h,h,h,h,h,h,h,RCD,JHN,f,MBH,ProctorDining,f,f,f,f,f,f,f,f,f,f,f,h
h,h,h,h,h,h,h,MBH,f,f,MBH,LIB,f,f,f,f,ProctorDining,f,f,f,f,f,f,h
h,h,h,h,h,h,h,h,RCD,WNS,f,f,f,f,f,f,f,f,f,f,f,f,f,h
h,h,h,h,h,h,h,h,f,f,MBH,ProctorDining,ATD,f,MNR,f,f,f,ProctorDining,f,f,f,f,h
h,h,h,h,h,h,h,h,ProctorDining,f,f,MBH,f,f,f,f,f,f,f,f,f,f,f,h
h,h,h,h,h,h,h,h,AXN,f,ATD,RCD,RCD,f,f,f,f,f,f,f,f,f,f,h
h,h,h,h,h,h,h,h,f,WNS,f,RCD,ProctorDining,f,f,f,f,f,f,f,f,f,f,h
h,h,h,h,h,h,h,h,f,f,ProctorDining,AXN,ProctorDining,f,AXT,f,f,f,RCD,f,f,f,f,h
h,h,h,h,h,h,h,h,f,f,WNS,AXN,ATD,f,f,f,f,f,f,f,f,f,f,h
h,h,h,h,h,h,h,ATD,ATD,f,RCD,ATD,f,f,f,f,f,ProctorDining,f,f,f,f,f,h
h,h,h,h,h,h,h,RCD,MBH,WNS,f,f,ATD,f,f,f,f,ProctorDining,ProctorDining,f,f,f,f,h
h,h,h,h,h,h,ATD,RCD,f,WNS,RCD,f,ProctorDining,f,WNS,f,f,f,f,f,f,f,f,h
h,h,h,h,h,h,h,ProctorDining,f,f,CHT,f,f,f,f,f,f,RCD,f,f,f,f,f,h
h,h,h,h,h,h,h,h,f,f,f,ProctorDining,f,f,f,f,f,ProctorDining,ProctorDining,f,f,f,f,h
h,h,h,h,h,h,h,MBH,AXN,MNR,f,SDL,ProctorDining,MBH,f,f,f,f,f,f,f,f,f,h
h,h,h,h,h,h,h,h,RCD,f,f,ProctorDining,f,f,CHT,f,f,f,f,f,f,f,f,h
h,h,h,h,h,h,h,RCD,CHT,f,f,ProctorDining,f,f,f,f,f,f,ProctorDining,f,f,f,f,h
h,h,h,h,h,h,h,h,f,MBH,f,RCD,f,f,f,f,f,f,f,f,f,f,f,h
h,h,h,h,h,h,h,ProctorDining,AXN,MBH,OCH,ProctorDining,f,f,AXT,f,f,f,f,f,f,f,f,h
h,h,h,h,h,h,h,h,f,f,MBH,GFD,f,f,f,f,f,f,f,f,f,f,f,h
h,h,h,h,h,h,h,ATD,ATD,f,FIC,f,f,f,f,f,f,RCD,f,f,f,f,f,h
h,h,h,h,h,h,h,h,f,f,WNS,AXN,f,f,f,f,f,f,ProctorDining,f,f,f,f,h
h,h,h,h,h,h,h,ATD,MBH,MBH,MBH,RCD,ATD,f,f,f,f,f,RCD,f,f,f,f,h
h,h,h,h,h,h,h,RCD,f,f,RCD,RCD,f,f,AXN,f,f,ProctorDining,f,f,f,f,f,h
h,h,h,h,h,h,h,ATD,ProctorDining,MBH,FIC,ProctorDining,ATD,f,f,f,f,f,ProctorDining,f,f,f,f,h
h,h,h,h,h,h,h,h,MBH,f,WNS,AXN,f,f,AXT,f,f,ProctorDining,f,f,f,f,f,h
h,h,h,h,h,h,h,h,MBH,WNS,MBH,ProctorDining,f,f,f,f,f,f,f,f,f,f,f,h
h,h,h,h,h,h,RCD,h,RCD,f,f,LIB,f,f,f,f,f,RCD,ProctorDining,f,f,f,f,h
h,h,h,h,h,h,h,h,MBH,WNS,RCD,MCA,f,f,f,f,f,ProctorDining,f,f,f,f,f,h
h,h,h,h,h,h,h,ATD,MBH,f,f,RCD,ProctorDining,GFD,f,f,RCD,f,f,f,f,f,f,h
h,h,h,h,h,h,ProctorDining,WNS,AXT,WNS,f,RCD,ProctorDining,f,f,f,f,f,f,f,f,f,f,h
h,h,h,h,h,h,h,h,f,f,RCD,AXN,f,MNR,WNS,f,f,f,f,f,f,f,f,h
h,h,h,h,h,h,h,h,LIB,CHT,f,RCD,f,f,f,f,f,f,RCD,f,f,f,f,h
h,h,h,h,h,h,RCD,h,f,f,f,ATD,ProctorDining,f,f,f,f,ProctorDining,f,f,f,f,f,h
h,h,h,h,h,h,RCD,h,MCA,MBH,f,f,ATD,f,f,f,f,f,f,f,f,f,f,h
h,h,h,h,h,h,h,ATD,WNS,MCA,MBH,ATD,f,f,f,f,f,f,f,f,f,f,f,h
h,h,h,h,h,h,h,AXN,MBH,CHT,MBH,RCD,f,f,f,f,f,f,f,f,f,f,f,h
h,h,h,h,h,h,h,h,RCD,MNR,f,ProctorDining,f,MBH,f,f,f,f,ProctorDining,f,f,f,f,h
h,h,h,h,h,h,h,h,MCA,f,f,ProctorDining,f,f,f,f,f,ProctorDining,f,f,f,f,f,h
h,h,h,h,h,h,h,ATD,f,f,HLD,RCD,f,f,f,f,ProctorDining,RCD,f,f,f,f,f,h
h,h,h,h,h,h,h,h,f,f,f,CHT,f,MNR,f,f,f,RCD,f,f,f,f,f,h
h,h,h,h,h,h,h,h,RCD,AXN,f,ProctorDining,f,f,f,f,f,f,f,f,f,f,f,h
h,h,h,h,h,h,h,RCD,ProctorDining,f,ProctorDining,FIC,f,f,f,f,f,f,RCD,f,f,f,f,h
h,h,h,h,h,h,h,h,f,MBH,MBH,ProctorDining,f,f,f,f,ProctorDining,RCD,f,f,f,f,f,h
h,h,h,h,h,h,h,ProctorDining,MBH,f,MBH,ATD,f,f,f,f,f,RCD,f,f,f,f,f,h
h,h,h,h,h,h,h,ProctorDining,AXT,MBH,f,RCD,f,f,f,f,f,ProctorDining,f,f,f,f,f,h
h,h,h,h,h,h,h,ProctorDining,WNS,f,f,LIB,f,f,WNS,f,f,f,ProctorDining,f,f,f,f,h
h,h,h,h,h,h,h,h,MBH,GFD,WNS,MBH,f,f,MCA,f,f,f,f,f,f,f,f,h
h,h,h,h,h,h,h,h,AXT,f,f,ProctorDining,f,f,AXN,f,f,RCD,f,f,f,f,f,h
h,h,h,h,h,h,h,h,MBH,f,MBH,HLD,RCD,GFD,f,f,f,f,ProctorDining,f,f,f,f,h
h,h,h,h,h,h,h,h,AXT,f,WNS,WNS,f,f,MBH,f,f,RCD,f,f,f,f,f,h
h,h,h,h,h,h,h,h,ProctorDining,CHT,f,ProctorDining,f,MBH,f,f,f,f,RCD,f,f,f,f,h
h,h,h,h,h,h,h,h,ATD,MCA,MBH,ProctorDining,f,f,f,f,f,f,f,f,f,f,f,h
h,h,h,h,h,h,h,h,AXT,f,f,AXN,f,MNR,AXT,f,RCD,f,f,f,f,f,f,h
h,h,h,h,h,h,h,ATD,ProctorDining,WNS,f,RCD,f,f,f,f,f,f,f,f,f,f,f,h
h,h,h,h,h,h,h,h,RCD,f,ProctorDining,ProctorDining,f,f,MBH,f,RCD,RCD,f,f,f,f,f,h
h,h,h,h,h,h,h,h,CHT,CHT,MBH,RCD,f,f,f,f,f,ProctorDining,f,f,f,f,f,h
h,h,h,h,h,h,h,h,GFD,f,f,WNS,f,f,f,f,f,f,ProctorDining,f,f,f,f,h
h,h,h,h,h,h,h,h,ProctorDining,AXN,MBH,AXT,f,f,MCA,f,f,f,RCD,f,f,f,f,h
h,h,h,h,h,h,h,h,f,f,f,AXT,f,f,MBH,f,f,ProctorDining,ProctorDining,f,f,f,f,h
h,h,h,h,h,h,h,ATD,ProctorDining,f,MBH,ProctorDining,f,f,WNS,f,f,f,f,f,f,f,f,h
h,h,h,h,h,h,h,h,f,f,WNS,ATD,ProctorDining,AXT,f,f,f,f,ProctorDining,f,f,f,f,h
h,h,h,h,h,h,h,MBH,RCD,MCA,f,ProctorDining,f,f,f,f,f,RCD,RCD,f,f,f,f,h
h,h,h,h,h,h,h,h,ProctorDining,MBH,f,AXN,f,AXT,f,f,f,f,f,f,f,f,f,h
h,h,h,h,h,h,ATD,h,f,f,f,ATD,f,f,f,f,f,f,f,f,f,f,f,h
h,h,h,h,h,h,h,h,MBH,f,WNS,RCD,f,MBH,f,f,f,f,f,f,f,f,f,h
h,h,h,h,h,h,h,ProctorDining,ProctorDining,MBH,f,f,f,MBH,f,f,f,f,RCD,f,f,f,f,h
h,h,h,h,h,h,h,RCD,WNS,f,MBH,AXT,ProctorDining,f,f,f,f,RCD,RCD,f,f,f,f,h
h,h,h,h,h,h,h,ATD,WNS,MCA,f,ProctorDining,f,MBH,f,f,f,f,RCD,f,f,f,f,h
h,h,h,h,h,h,h,RCD,AXT,f,WNS,ATD,f,f,f,f,f,f,ProctorDining,f,f,f,f,h
h,h,h,h,h,h,h,h,MBH,MCA,WNS,ATD,f,f,f,f,f,RCD,RCD,f,f,f,f,h
h,h,h,h,h,h,h,h,f,MBH,JHN,MCA,ProctorDining,f,MBH,f,f,RCD,ProctorDining,f,f,f,f,h
h,h,h,h,h,h,h,ProctorDining,RCD,f,f,f,f,f,f,f,f,ProctorDining,RCD,f,f,f,f,h
h,h,h,h,h,h,h,h,WNS,f,HLD,ProctorDining,f,f,f,f,f,f,RCD,f,f,f,f,h
h,h,h,h,h,h,ProctorDining,ProctorDining,f,f,WNS,RCD,f,f,MBH,f,f,f,f,f,f,f,f,h
h,h,h,h,h,h,h,ProctorDining,HLD,f,f,AXN,f,f,f,f,f,f,f,f,f,f,f,h
h,h,h,h,h,h,h,ProctorDining,HLD,GFD,MBH,ProctorDining,ATD,MBH,AXN,f,f,ProctorDining,f,f,f,f,f,h
h,h,h,h,h,h,h,h,f,f,f,AXN,f,f,f,f,f,f,f,f,f,f,f,h
h,h,h,h,h,h,h,h,f,f,WNS,f,f,f,MBH,f,f,f,RCD,f,f,f,f,h
h,h,h,h,h,h,h,ProctorDining,f,f,f,ProctorDining,f,f,f,f,f,ProctorDining,RCD,f,f,f,f,h
h,h,h,h,h,h,h,h,f,f,f,f,f,f,SDL,f,f,f,f,f,f,f,f,h
h,h,h,h,h,h,h,ATD,f,MFH,CHT,ATD,ATD,AXN,LIB,f,f,f,f,f,f,f,f,h
h,h,h,h,h,h,h,h,WNS,WNS,ProctorDining,ProctorDining,ProctorDining,f,f,f,f,f,f,f,f,f,f,h
h,h,h,h,h,h,h,h,MBH,f,OCH,RCD,f,f,SDL,f,f,f,f,f,f,f,f,h
h,h,h,h,h,h,h,h,f,f,ProctorDining,RCD,ProctorDining,f,f,f,f,f,f,f,f,f,f,h
h,h,h,h,h,h,h,h,f,f,AXN,ATD,RCD,f,f,f,f,RCD,ProctorDining,f,f,f,f,h
h,h,h,h,h,h,h,h,f,f,ATD,f,f,f,f,f,f,f,f,f,f,f,f,h
h,h,h,h,h,h,h,MBH,ProctorDining,MBH,MBH,RCD,f,f,f,f,f,ProctorDining,RCD,f,f,f,f,h
h,h,h,h,h,h,h,h,ATD,f,AXN,RCD,f,f,f,f,f,RCD,RCD,f,f,f,f,h
h,h,h,h,h,h,h,h,ATD,f,f,RCD,ProctorDining,f,f,f,f,f,ProctorDining,f,f,f,f,h
h,h,h,h,h,h,h,MBH,RCD,f,f,AXN,ATD,f,f,f,f,RCD,f,f,f,f,f,h
h,h,h,h,h,h,h,RCD,WNS,f,f,AXN,ATD,f,f,f,f,f,f,f,f,f,f,h
h,h,h,h,h,h,RCD,h,RCD,f,MBH,ProctorDining,RCD,f,f,f,ProctorDining,f,f,f,f,f,f,h
h,h,h,h,h,h,h,h,f,f,MBH,RCD,f,f,MBH,f,f,f,RCD,f,f,f,f,h
h,h,h,h,h,h,h,MBH,f,AXN,f,f,f,f,f,f,f,f,f,f,f,f,f,h
h,h,h,h,h,h,h,h,ATD,MBH,f,FIC,f,MBH,f,f,f,f,ProctorDining,f,f,f,f,h
h,h,h,h,h,h,h,h,f,WNS,f,ProctorDining,ATD,f,MNR,f,f,f,f,f,f,f,f,h
h,h,h,h,h,h,h,h,ATD,f,f,ATD,RCD,f,MBH,f,f,f,f,f,f,f,f,h
h,h,h,h,h,h,h,ProctorDining,MBH,f,f,WNS,f,f,AXT,f,f,RCD,f,f,f,f,f,h
h,h,h,h,h,h,RCD,h,WNS,f,f,LIB,f,f,f,f,RCD,ProctorDining,RCD,f,f,f,f,h
h,h,h,h,h,h,h,h,MBH,f,f,ProctorDining,f,f,f,f,f,ProctorDining,f,f,f,f,f,h
h,h,h,h,h,h,h,h,CHT,AXN,f,ProctorDining,ProctorDining,f,f,f,f,f,f,f,f,f,f,h
h,h,h,h,h,h,h,ATD,ATD,MCA,f,RCD,f,f,f,f,f,f,ProctorDining,f,f,f,f,h
h,h,h,h,h,h,h,h,WNS,WNS,f,RCD,f,f,f,f,f,ProctorDining,f,f,f,f,f,h
h,h,h,h,h,h,h,h,f,WNS,ProctorDining,f,f,f,f,f,f,ProctorDining,RCD,f,f,f,f,h
h,h,h,h,h,h,h,h,RCD,MBH,RCD,RCD,f,f,AXN,f,ProctorDining,ProctorDining,f,f,f,f,f,h
h,h,h,h,h,h,h,WNS,f,MBH,ATD,ProctorDining,f,f,f,f,f,f,RCD,f,f,f,f,h
h,h,h,h,h,h,h,ATD,RCD,f,CHT,ATD,f,f,GFD,f,RCD,f,f,f,f,f,f,h
h,h,h,h,h,h,h,h,ProctorDining,f,WNS,AXN,f,f,f,f,f,f,RCD,f,f,f,f,h
h,h,h,h,h,h,h,h,f,WNS,AXN,RCD,f,f,SDL,f,f,f,f,f,f,f,f,h
h,h,h,h,h,h,h,MBH,f,f,f,f,f,f,f,f,f,f,RCD,f,f,f,f,h
h,h,h,h,h,h,h,RCD,AXT,f,MBH,ATD,ProctorDining,f,f,f,f,f,f,f,f,f,f,h
h,h,h,h,h,h,h,h,JHN,f,f,FIC,ProctorDining,f,f,f,ProctorDining,f,f,f,f,f,f,h
h,h,h,h,h,h,h,ProctorDining,ProctorDining,f,f,AXN,ProctorDining,f,AXN,f,ProctorDining,ProctorDining,ProctorDining,f,f,f,f,h
h,h,h,h,h,h,h,h,f,AXN,f,ATD,f,f,f,f,f,f,f,f,f,f,f,h
h,h,h,h,h,h,h,ProctorDining,MBH,AXN,ProctorDining,ProctorDining,f,f,f,f,f,f,RCD,f,f,f,f,h
h,h,h,h,h,h,h,h,ProctorDining,WNS,ATD,WNS,f,MNR,f,f,f,RCD,RCD,f,f,f,f,h
h,h,h,h,h,h,h,h,MBH,f,f,ProctorDining,f,AXT,AXN,f,f,f,ProctorDining,f,f,f,f,h
h,h,h,h,h,h,h,h,f,f,MBH,ATD,f,f,f,f,f,f,ProctorDining,f,f,f,f,h
h,h,h,h,h,h,h,h,MBH,f,f,ProctorDining,f,f,f,f,ProctorDining,ProctorDining,f,f,f,f,f,h
h,h,h,h,h,h,h,h,f,MCA,f,ProctorDining,f,f,f,f,f,RCD,RCD,f,f,f,f,h
h,h,h,h,h,h,h,ATD,MBH,WNS,MBH,RCD,f,f,f,f,f,f,f,f,f,f,f,h
h,h,h,h,h,h,ATD,ATD,HLD,f,f,ProctorDining,RCD,f,f,f,RCD,f,f,f,f,f,f,h
h,h,h,h,h,h,h,OCH,MBH,f,HLD,MCA,f,f,f,f,f,f,f,f,f,f,f,h
h,h,h,h,h,h,h,ProctorDining,MNR,f,f,AXN,ProctorDining,f,f,f,f,f,f,f,f,f,f,h
h,h,h,h,h,h,h,h,ATD,f,f,ATD,f,f,f,f,f,ProctorDining,f,f,f,f,f,h
h,h,h,h,h,h,h,h,AXN,f,f,AXT,f,f,f,f,f,f,f,f,f,f,f,h
h,h,h,h,h,h,h,ProctorDining,ProctorDining,f,f,ATD,f,f,f,f,f,f,RCD,f,f,f,f,h
h,h,h,h,h,h,h,h,f,MBH,f,CHT,f,f,WNS,f,f,RCD,ProctorDining,f,f,f,f,h
h,h,h,h,h,h,h,ProctorDining,f,f,f,AXN,f,f,f,f,f,f,ProctorDining,f,f,f,f,h
h,h,h,h,h,h,h,ATD,f,f,ATD,RCD,ATD,f,f,f,f,ProctorDining,f,f,f,f,f,h
h,h,h,h,h,h,h,ProctorDining,RCD,LIB,f,ProctorDining,f,f,MBH,f,f,f,f,f,f,f,f,h
h,h,h,h,h,h,h,h,f,f,f,ProctorDining,f,f,SDL,f,f,f,RCD,f,f,f,f,h
h,h,h,h,h,h,h,h,f,f,f,ATD,f,f,MNR,f,f,RCD,f,f,f,f,f,h
h,h,h,h,h,h,h,h,f,f,f,ProctorDining,f,f,f,f,f,f,f,f,f,f,f,h
h,h,h,h,h,h,h,RCD,f,AXT,CHT,ProctorDining,f,f,f,f,ProctorDining,f,f,f,f,f,f,h
h,h,h,h,h,h,h,ATD,MBH,f,f,WNS,ProctorDining,f,f,f,f,f,f,f,f,f,f,h
h,h,h,h,h,h,h,ATD,ATD,HLD,f,MBH,ProctorDining,AXN,f,f,f,RCD,f,f,f,f,f,h
h,h,h,h,h,h,ATD,ATD,GFD,MBH,f,ATD,f,f,f,f,f,f,RCD,f,f,f,f,h
h,h,h,h,h,h,h,h,f,f,f,AXN,f,f,f,f,f,RCD,f,f,f,f,f,h
h,h,h,h,h,h,h,MBH,MNR,f,f,GFD,ATD,f,f,f,f,RCD,f,f,f,f,f,h
h,h,h,h,h,h,h,RCD,WNS,GFD,f,ATD,RCD,f,f,f,RCD,f,ProctorDining,f,f,f,f,h
h,h,h,h,h,h,h,ProctorDining,WNS,f,f,ProctorDining,ATD,f,MBH,f,f,f,f,f,f,f,f,h
h,h,h,h,h,h,h,h,f,WNS,f,ATD,f,MNR,f,f,f,ProctorDining,ProctorDining,f,f,f,f,h
h,h,h,h,h,h,h,h,ATD,HLD,MBH,ProctorDining,f,MBH,AXN,f,f,RCD,ProctorDining,f,f,f,f,h
h,h,h,h,h,h,h,h,RCD,f,MNR,ProctorDining,ATD,f,f,f,f,f,f,f,f,f,f,h
h,h,h,h,h,h,h,h,f,WNS,f,AXN,f,f,f,f,f,f,f,f,f,f,f,h
h,h,h,h,h,h,h,h,MBH,f,f,CHT,ATD,f,f,f,f,f,f,f,f,f,f,h
h,h,h,h,h,h,h,h,MBH,MBH,f,ProctorDining,f,f,MBH,f,f,ProctorDining,ProctorDining,f,f,f,f,h
h,h,h,h,h,h,h,h,f,f,ATD,f,f,f,f,f,f,RCD,f,f,f,f,f,h
h,h,h,h,h,h,RCD,h,GFD,f,f,RCD,f,MBH,f,f,RCD,f,f,f,f,f,f,h
h,h,h,h,h,h,h,RCD,f,f,f,RCD,f,f,f,f,RCD,ProctorDining,f,f,f,f,f,h
h,h,h,h,h,h,RCD,RCD,MBH,WNS,MBH,ATD,f,f,f,f,f,RCD,f,f,f,f,f,h
h,h,h,h,h,h,RCD,ProctorDining,f,WNS,MBH,OCH,f,f,SDL,f,f,f,RCD,f,f,f,f,h
h,h,h,h,h,h,h,MBH,RCD,MBH,MBH,FIC,ProctorDining,f,WNS,f,f,ProctorDining,ProctorDining,f,f,f,f,h
h,h,h,h,h,h,h,CHT,f,WNS,HLD,HLD,f,f,MBH,f,f,f,f,f,f,f,f,h
h,h,h,h,h,h,h,ProctorDining,MBH,MBH,f,f,f,f,f,f,f,f,f,f,f,f,f,h
h,h,h,h,h,h,h,h,f,f,RCD,MNR,f,f,f,f,f,ProctorDining,f,f,f,f,f,h
h,h,h,h,h,h,h,h,ProctorDining,AXN,MBH,ProctorDining,f,f,MNR,f,f,RCD,f,f,f,f,f,h
h,h,h,h,h,h,h,h,MNR,AXN,f,GFD,f,f,f,f,f,f,f,f,f,f,f,h
h,h,h,h,h,h,h,h,f,f,WNS,ATD,f,f,f,f,f,ProctorDining,f,f,f,f,f,h
h,h,h,h,h,h,h,h,WNS,WNS,f,ATD,f,f,f,f,f,f,f,f,f,f,f,h
h,h,h,h,h,h,h,h,AXT,CHT,ProctorDining,AXT,f,f,f,f,f,f,RCD,f,f,f,f,h
h,h,h,h,h,h,h,h,JHN,MCA,f,WNS,f,f,f,f,f,ProctorDining,f,f,f,f,f,h
h,h,h,h,h,h,h,ProctorDining,HLD,f,ATD,ATD,f,f,f,f,f,f,f,f,f,f,f,h
h,h,h,h,h,h,h,h,f,f,f,RCD,f,f,f,f,f,ProctorDining,f,f,f,f,f,h
h,h,h,h,h,h,h,ATD,MBH,MCA,FIC,MBH,f,f,MNR,f,RCD,RCD,f,f,f,f,f,h
h,h,h,h,h,h,h,MNR,WNS,f,MBH,ProctorDining,f,f,f,f,f,f,f,f,f,f,f,h
h,h,h,h,h,h,h,h,RCD,f,ProctorDining,ATD,ATD,f,CHT,f,f,f,f,f,f,f,f,h
h,h,h,h,h,h,h,h,MBH,f,f,f,f,f,AXT,f,ProctorDining,f,f,f,f,f,f,h
h,h,h,h,h,h,h,h,f,f,WNS,OCH,f,f,f,f,f,f,f,f,f,f,f,h
h,h,h,h,h,h,h,h,MCA,f,f,ProctorDining,f,f,WNS,f,f,RCD,ProctorDining,f,f,f,f,h
h,h,h,h,h,h,h,h,ProctorDining,f,f,RCD,RCD,f,MBH,f,f,f,f,f,f,f,f,h
h,h,h,h,h,h,h,ProctorDining,MBH,f,HLD,f,f,f,f,f,RCD,f,f,f,f,f,f,h
h,h,h,h,h,h,h,h,MBH,f,f,ProctorDining,RCD,f,f,f,f,f,f,f,f,f,f,h
h,h,h,h,h,h,h,h,MBH,MBH,ATD,RCD,f,f,f,f,f,f,ProctorDining,f,f,f,f,h
h,h,h,h,h,h,h,RCD,CHT,f,f,RCD,ATD,MNR,f,f,ProctorDining,f,f,f,f,f,f,h
h,h,h,h,h,h,h,h,f,f,f,AXN,f,FIC,f,f,f,f,ProctorDining,f,f,f,f,h
h,h,h,h,h,h,h,RCD,f,f,f,AXN,RCD,f,f,f,f,f,f,f,f,f,f,h
h,h,h,h,h,h,h,h,RCD,f,MBH,ProctorDining,f,f,f,f,f,RCD,f,f,f,f,f,h
h,h,h,h,h,h,h,ProctorDining,f,AXT,f,WNS,f,f,f,f,f,f,ProctorDining,f,f,f,f,h
h,h,h,h,h,h,h,h,f,f,HLD,f,f,f,f,f,f,ProctorDining,f,f,f,f,f,h
h,h,h,h,h,h,h,ProctorDining,JHN,f,f,ProctorDining,ProctorDining,f,MNR,f,f,f,f,f,f,f,f,h
h,h,h,h,h,h,h,h,ProctorDining,f,OCH,MNR,ATD,f,f,f,f,RCD,ProctorDining,f,f,f,f,h
h,h,h,h,h,h,h,h,RCD,AXN,RCD,RCD,f,GFD,f,f,f,RCD,f,f,f,f,f,h
h,h,h,h,h,h,h,ProctorDining,JHN,f,f,ATD,f,f,AXT,f,f,RCD,ProctorDining,f,f,f,f,h
h,h,h,h,h,h,h,MBH,MBH,f,f,RCD,f,f,CHT,f,f,ProctorDining,f,f,f,f,f,h
h,h,h,h,h,h,h,WNS,AXN,f,f,ATD,f,f,WNS,f,f,ProctorDining,f,f,f,f,f,h
h,h,h,h,h,h,h,MBH,MBH,f,RCD,RCD,f,f,f,f,f,f,f,f,f,f,f,h
h,h,h,h,h,h,h,h,MBH,f,f,ATD,f,f,f,f,f,f,f,f,f,f,f,h
h,h,h,h,h,h,h,RCD,AXN,AXN,RCD,ProctorDining,f,f,AXN,f,f,RCD,ProctorDining,f,f,f,f,h
h,h,h,h,h,h,h,RCD,FIC,f,f,AXT,f,MBH,MNR,f,f,f,f,f,f,f,f,h
h,h,h,h,h,h,h,ProctorDining,AXN,CHT,f,f,RCD,f,f,f,f,ProctorDining,ProctorDining,f,f,f,f,h
h,h,h,h,h,h,h,h,ATD,f,MBH,OCH,f,f,f,f,f,f,RCD,f,f,f,f,h
h,h,h,h,h,h,h,MBH,ProctorDining,f,MBH,f,f,f,f,f,f,f,f,f,f,f,f,h
h,h,h,h,h,h,h,h,ATD,f,ATD,MBH,f,WNS,WNS,f,f,RCD,f,f,f,f,f,h
h,h,h,h,h,h,h,h,MBH,f,MNR,LIB,f,GFD,f,f,f,f,f,f,f,f,f,h
h,h,h,h,h,h,h,h,f,WNS,f,f,f,f,f,f,f,ProctorDining,f,f,f,f,f,h
h,h,h,h,h,h,h,h,f,f,MNR,WNS,f,f,f,f,f,f,RCD,f,f,f,f,h
h,h,h,h,h,h,ATD,h,AXT,f,MBH,WNS,f,f,f,f,f,f,ProctorDining,f,f,f,f,h
h,h,h,h,h,h,h,h,RCD,f,OCH,ATD,f,f,f,f,f,f,ProctorDining,f,f,f,f,h
h,h,h,h,h,h,h,h,ATD,MBH,MBH,f,f,f,f,f,f,RCD,f,f,f,f,f,h
h,h,h,h,h,h,ProctorDining,ProctorDining,ProctorDining,MCA,MBH,f,f,f,AXT,f,f,f,ProctorDining,f,f,f,f,h
h,h,h,h,h,h,ProctorDining,h,ATD,f,RCD,RCD,RCD,f,AXN,f,f,ProctorDining,f,f,f,f,f,h
h,h,h,h,h,h,h,MBH,f,f,MBH,ProctorDining,f,f,f,f,f,f,f,f,f,f,f,h
h,h,h,h,h,h,h,h,HLD,f,f,ATD,RCD,f,f,f,f,f,ProctorDining,f,f,f,f,h
h,h,h,h,h,h,h,ATD,ATD,f,f,f,ATD,f,f,f,f,f,ProctorDining,f,f,f,f,h
h,h,h,h,h,h,h,MBH,AXT,f,f,RCD,RCD,f,WNS,f,f,f,f,f,f,f,f,h
h,h,h,h,h,h,h,h,f,WNS,WNS,ProctorDining,ProctorDining,f,MNR,f,f,f,f,f,f,f,f,h
h,h,h,h,h,h,h,h,f,f,MBH,ProctorDining,ATD,f,f,f,f,ProctorDining,f,f,f,f,f,h
h,h,h,h,h,h,h,h,f,f,FIC,AXN,f,f,f,f,f,f,RCD,f,f,f,f,h
h,h,h,h,h,h,ATD,h,f,f,f,ProctorDining,ProctorDining,f,f,f,f,f,f,f,f,f,f,h
h,h,h,h,h,h,h,h,f,f,f,ProctorDining,f,f,f,f,f,f,f,f,f,f,f,h
h,h,h,h,h,h,h,h,f,f,f,WNS,f,f,f,f,f,RCD,f,f,f,f,f,h
h,h,h,h,h,h,h,h,MBH,f,ATD,RCD,f,f,MCA,f,f,f,ProctorDining,f,f,f,f,h
h,h,h,h,h,h,h,h,RCD,f,MBH,WNS,ProctorDining,f,f,f,f,ProctorDining,f,f,f,f,f,h
h,h,h,h,h,h,h,WNS,CHT,f,f,MBH,f,f,GFD,f,f,f,ProctorDining,f,f,f,f,h
h,h,h,h,h,h,h,ATD,f,ATD,f,ATD,f,f,f,f,f,RCD,RCD,f,f,f,f,h
h,h,h,h,h,h,h,OCH,AXT,f,HLD,f,ATD,f,GFD,f,f,f,RCD,f,f,f,f,h
h,h,h,h,h,h,h,h,f,WNS,MBH,MBH,f,f,f,f,f,RCD,RCD,f,f,f,f,h
h,h,h,h,h,h,h,RCD,WNS,f,f,ATD,ATD,f,f,f,f,f,f,f,f,f,f,h
h,h,h,h,h,h,h,h,MBH,MBH,MBH,ATD,f,f,f,f,f,f,f,f,f,f,f,h
h,h,h,h,h,h,h,ProctorDining,f,WNS,MBH,f,f,f,f,f,f,f,f,f,f,f,f,h
h,h,h,h,h,h,h,h,f,f,f,AXN,RCD,f,f,f,f,RCD,f,f,f,f,f,h
h,h,h,h,h,h,h,h,ATD,f,RCD,ProctorDining,f,f,f,f,RCD,f,ProctorDining,f,f,f,f,h
h,h,h,h,h,h,h,h,MBH,f,f,ProctorDining,ATD,f,f,f,f,RCD,f,f,f,f,f,h
h,h,h,h,h,h,h,h,f,f,f,MBH,ProctorDining,f,f,f,f,f,f,f,f,f,f,h
h,h,h,h,h,h,h,h,WNS,MBH,ProctorDining,RCD,f,f,f,f,f,ProctorDining,RCD,f,f,f,f,h
h,h,h,h,h,h,h,ATD,MBH,f,AXT,RCD,f,f,f,f,f,ProctorDining,f,f,f,f,f,h
h,h,h,h,h,h,h,ATD,f,f,f,ProctorDining,f,f,MBH,f,f,RCD,RCD,f,f,f,f,h
h,h,h,h,h,h,h,ProctorDining,f,f,f,ATD,f,f,CHT,f,f,RCD,f,f,f,f,f,h
h,h,h,h,h,h,h,WNS,f,f,f,ProctorDining,RCD,f,f,f,f,f,RCD,f,f,f,f,h
h,h,h,h,h,h,h,ProctorDining,MBH,f,f,MNR,f,f,f,f,f,f,f,f,f,f,f,h
h,h,h,h,h,h,h,h,AXT,MCA,MBH,AXN,f,f,f,f,f,ProctorDining,f,f,f,f,f,h
h,h,h,h,h,h,h,ProctorDining,GFD,WNS,WNS,ProctorDining,f,f,f,f,f,f,f,f,f,f,f,h
h,h,h,h,h,h,h,ATD,WNS,f,f,RCD,f,f,f,f,f,f,ProctorDining,f,f,f,f,h
h,h,h,h,h,h,h,ProctorDining,f,WNS,ATD,RCD,f,f,f,f,f,f,f,f,f,f,f,h
h,h,h,h,h,h,h,h,RCD,f,f,RCD,f,f,f,f,f,f,f,f,f,f,f,h
h,h,h,h,h,h,h,h,ProctorDining,f,f,ProctorDining,RCD,f,f,f,f,f,f,f,f,f,f,h
h,h,h,h,h,h,h,ProctorDining,f,f,f,ProctorDining,RCD,f,f,f,f,ProctorDining,f,f,f,f,f,h
h,h,h,h,h,h,h,h,MBH,MBH,f,RCD,f,f,MBH,f,f,f,f,f,f,f,f,h
h,h,h,h,h,h,h,ATD,f,MBH,MBH,ATD,f,WNS,MBH,f,f,f,ProctorDining,f,f,f,f,h
h,h,h,h,h,h,h,h,MBH,GFD,f,ATD,f,f,f,f,f,f,RCD,f,f,f,f,h
h,h,h,h,h,h,h,h,RCD,WNS,f,AXN,ProctorDining,f,f,f,f,f,RCD,f,f,f,f,h
h,h,h,h,h,h,h,h,MBH,f,AXT,MNR,f,f,f,f,f,RCD,RCD,f,f,f,f,h
h,h,h,h,h,h,h,CHT,AXN,f,f,WNS,f,f,f,f,f,f,f,f,f,f,f,h
h,h,h,h,h,h,h,MBH,f,f,HLD,WNS,f,f,f,f,f,f,f,f,f,f,f,h
h,h,h,h,h,h,h,h,AXN,WNS,f,LIB,f,f,f,f,f,RCD,f,f,f,f,f,h
h,h,h,h,h,h,h,WNS,WNS,WNS,WNS,ProctorDining,f,f,f,f,f,RCD,f,f,f,f,f,h
h,h,h,h,h,h,h,h,AXT,f,MBH,ProctorDining,RCD,f,f,f,f,RCD,RCD,f,f,f,f,h
h,h,h,h,h,h,h,ATD,MNR,f,MBH,ProctorDining,RCD,GFD,f,f,ProctorDining,f,ProctorDining,f,f,f,f,h
h,h,h,h,h,h,h,h,MBH,AXN,MBH,WNS,f,f,f,f,f,RCD,f,f,f,f,f,h
h,h,h,h,h,h,h,h,MBH,MCA,LIB,RCD,ATD,f,f,f,f,f,RCD,f,f,f,f,h
h,h,h,h,h,h,h,h,AXN,AXT,f,AXT,f,f,f,f,f,f,f,f,f,f,f,h
h,h,h,h,h,h,h,RCD,HLD,f,RCD,ProctorDining,ATD,f,AXN,f,f,ProctorDining,f,f,f,f,f,h
h,h,h,h,h,h,h,h,WNS,f,MBH,RCD,f,f,AXN,f,f,f,ProctorDining,f,f,f,f,h
h,h,h,h,h,h,h,h,RCD,MBH,f,ProctorDining,f,f,WNS,f,f,f,f,f,f,f,f,h
h,h,h,h,h,h,h,ProctorDining,MCA,f,WNS,WNS,f,f,f,f,RCD,ProctorDining,f,f,f,f,f,h
h,h,h,h,h,h,h,h,f,MBH,f,RCD,ATD,f,f,f,f,ProctorDining,f,f,f,f,f,h
h,h,h,h,h,h,ProctorDining,h,f,f,RCD,ProctorDining,ProctorDining,f,MCA,f,f,ProctorDining,RCD,f,f,f,f,h
h,h,h,h,h,h,ProctorDining,ATD,HLD,HLD,f,ProctorDining,ProctorDining,f,f,f,f,f,f,f,f,f,f,h
h,h,h,h,h,h,h,h,ATD,f,ProctorDining,AXN,ProctorDining,f,f,f,f,f,f,f,f,f,f,h
h,h,h,h,h,h,h,RCD,f,WNS,f,MBH,ProctorDining,f,f,f,f,RCD,ProctorDining,f,f,f,f,h
h,h,h,h,h,h,h,ATD,f,AXT,WNS,ATD,f,MBH,MNR,f,f,RCD,f,f,f,f,f,h
h,h,h,h,h,h,h,h,RCD,f,f,AXN,f,f,MNR,f,f,f,f,f,f,f,f,h
h,h,h,h,h,h,h,MBH,CHT,f,RCD,ProctorDining,f,f,f,f,f,RCD,f,f,f,f,f,h
h,h,h,h,h,h,h,ATD,WNS,f,f,f,ProctorDining,f,CHT,f,f,f,f,f,f,f,f,h
h,h,h,h,h,h,h,MBH,MNR,f,f,AXN,ProctorDining,f,f,f,f,f,RCD,f,f,f,f,h
h,h,h,h,h,h,h,h,MBH,f,f,f,f,f,f,f,RCD,RCD,f,f,f,f,f,h
h,h,h,h,h,h,h,h,JHN,MCA,WNS,MBH,f,f,MBH,f,RCD,f,f,f,f,f,f,h
h,h,h,h,h,h,h,h,MBH,f,ATD,RCD,ProctorDining,f,f,f,f,f,f,f,f,f,f,h
h,h,h,h,h,h,h,h,f,MBH,ATD,AXT,RCD,f,f,f,f,f,f,f,f,f,f,h
h,h,h,h,h,h,h,MBH,f,f,WNS,AXN,f,f,f,f,RCD,f,ProctorDining,f,f,f,f,h
h,h,h,h,h,h,h,RCD,MBH,f,f,GFD,f,f,f,f,f,ProctorDining,f,f,f,f,f,h
h,h,h,h,h,h,RCD,h,ATD,f,f,ATD,RCD,f,MCA,f,ProctorDining,ProctorDining,ProctorDining,f,f,f,f,h
h,h,h,h,h,h,h,h,f,f,CHT,f,f,f,f,f,f,RCD,ProctorDining,f,f,f,f,h
h,h,h,h,h,h,h,ATD,RCD,LIB,f,f,f,f,WNS,f,f,f,f,f,f,f,f,h
h,h,h,h,h,h,h,h,f,f,f,AXT,f,f,f,f,f,f,RCD,f,f,f,f,h
h,h,h,h,h,h,h,RCD,f,WNS,f,WNS,RCD,f,f,f,RCD,f,f,f,f,f,f,h
h,h,h,h,h,h,h,h,MBH,f,WNS,ProctorDining,f,f,AXN,f,f,f,f,f,f,f,f,h
h,h,h,h,h,h,h,h,MBH,f,f,AXT,f,f,MBH,f,f,f,f,f,f,f,f,h
h,h,h,h,h,h,h,h,HLD,MBH,f,MBH,ProctorDining,f,f,f,f,RCD,ProctorDining,f,f,f,f,h
h,h,h,h,h,h,h,h,f,f,ProctorDining,MCA,f,f,f,f,f,ProctorDining,ProctorDining,f,f,f,f,h
h,h,h,h,h,h,h,h,WNS,MBH,WNS,ProctorDining,ProctorDining,f,MBH,f,f,f,f,f,f,f,f,h
h,h,h,h,h,h,h,RCD,MBH,f,AXT,ProctorDining,ProctorDining,f,f,f,f,f,f,f,f,f,f,h
h,h,h,h,h,h,h,h,f,LIB,f,AXN,RCD,f,MBH,f,f,f,ProctorDining,f,f,f,f,h
h,h,h,h,h,h,h,h,f,MNR,f,MNR,f,f,f,f,f,RCD,RCD,f,f,f,f,h
h,h,h,h,h,h,h,ProctorDining,RCD,f,f,RCD,f,f,f,f,f,RCD,ProctorDining,f,f,f,f,h
h,h,h,h,h,h,h,h,ATD,GFD,ATD,RCD,ProctorDining,f,f,f,f,ProctorDining,f,f,f,f,f,h
h,h,h,h,h,h,h,h,CHT,WNS,f,f,ProctorDining,f,f,f,f,RCD,f,f,f,f,f,h
h,h,h,h,h,h,h,OCH,MBH,f,f,ATD,ATD,f,HLD,f,f,f,RCD,f,f,f,f,h
h,h,h,h,h,h,h,h,ProctorDining,GFD,MBH,CHT,ProctorDining,f,MCA,f,f,RCD,f,f,f,f,f,h
h,h,h,h,h,h,h,h,AXN,MBH,f,GFD,f,f,f,f,f,ProctorDining,f,f,f,f,f,h
h,h,h,h,h,h,h,MBH,f,WNS,RCD,MNR,f,f,f,f,f,RCD,ProctorDining,f,f,f,f,h
h,h,h,h,h,h,h,h,ATD,FIC,FIC,ATD,f,f,f,f,f,f,RCD,f,f,f,f,h
h,h,h,h,h,h,h,h,RCD,WNS,ProctorDining,f,ProctorDining,f,f,f,f,f,f,f,f,f,f,h
h,h,h,h,h,h,h,ProctorDining,AXN,MBH,ATD,ProctorDining,f,f,AXT,f,f,f,f,f,f,f,f,h
h,h,h,h,h,h,h,h,HLD,f,MBH,ATD,RCD,f,f,f,f,f,f,f,f,f,f,h
h,h,h,h,h,h,h,h,AXT,f,f,RCD,f,f,f,f,f,ProctorDining,f,f,f,f,f,h
h,h,h,h,h,h,h,h,f,CHT,MBH,ATD,f,f,f,f,RCD,RCD,f,f,f,f,f,h
h,h,h,h,h,h,h,ProctorDining,f,f,WNS,GFD,f,f,f,f,f,ProctorDining,f,f,f,f,f,h
h,h,h,h,h,h,h,h,MBH,f,ProctorDining,MBH,f,f,MBH,f,RCD,f,f,f,f,f,f,h
h,h,h,h,h,h,h,h,RCD,f,f,HLD,f,f,f,f,ProctorDining,RCD,RCD,f,f,f,f,h
h,h,h,h,h,h,h,h,f,MBH,f,ProctorDining,ProctorDining,f,f,f,f,RCD,f,f,f,f,f,h
h,h,h,h,h,h,h,RCD,f,f,f,RCD,f,f,f,f,f,f,f,f,f,f,f,h
h,h,h,h,h,h,h,ATD,MBH,f,RCD,MNR,f,MBH,f,f,f,RCD,f,f,f,f,f,h
h,h,h,h,h,h,h,h,AXN,f,f,RCD,RCD,f,f,f,f,f,f,f,f,f,f,h
h,h,h,h,h,h,h,h,f,ATD,ProctorDining,ATD,f,MNR,MBH,f,f,RCD,f,f,f,f,f,h
h,h,h,h,h,h,h,MBH,f,f,MCA,ATD,ATD,f,f,f,f,ProctorDining,ProctorDining,f,f,f,f,h
h,h,h,h,h,h,h,h,WNS,f,f,ProctorDining,f,f,f,f,ProctorDining,RCD,f,f,f,f,f,h
h,h,h,h,h,h,h,RCD,ProctorDining,f,f,MNR,f,f,f,f,f,RCD,f,f,f,f,f,h
h,h,h,h,h,h,h,h,RCD,f,f,HLD,RCD,f,f,f,f,f,f,f,f,f,f,h
h,h,h,h,h,h,h,h,f,HLD,ProctorDining,MBH,RCD,MNR,f,f,f,f,f,f,f,f,f,h
h,h,h,h,h,h,h,h,f,f,HLD,MBH,f,AXT,f,f,f,RCD,ProctorDining,f,f,f,f,h
h,h,h,h,h,h,h,h,ATD,f,f,HLD,f,f,f,f,f,f,f,f,f,f,f,h
h,h,h,h,h,h,ATD,h,f,MBH,WNS,RCD,ATD,f,f,f,RCD,f,f,f,f,f,f,h
h,h,h,h,h,h,h,ProctorDining,f,f,RCD,ATD,ATD,MBH,f,f,ProctorDining,f,f,f,f,f,f,h
h,h,h,h,h,h,h,h,f,f,AXN,f,f,f,MBH,f,ProctorDining,f,f,f,f,f,f,h
h,h,h,h,h,h,h,h,f,f,f,RCD,f,f,MBH,f,f,f,f,f,f,f,f,h
h,h,h,h,h,h,h,h,OCH,MBH,f,RCD,ProctorDining,f,f,f,f,f,f,f,f,f,f,h
h,h,h,h,h,h,h,h,f,MBH,MBH,MBH,f,f,f,f,ProctorDining,f,f,f,f,f,f,h
h,h,h,h,h,h,h,h,f,FIC,f,ATD,f,MBH,f,f,f,ProctorDining,f,f,f,f,f,h
h,h,h,h,h,h,h,h,f,f,f,f,f,f,f,f,f,RCD,f,f,f,f,f,h
h,h,h,h,h,h,h,h,f,f,WNS,CHT,ProctorDining,AXT,AXN,f,f,RCD,f,f,f,f,f,h
h,h,h,h,h,h,h,h,f,FIC,f,MNR,f,f,f,f,f,ProctorDining,RCD,f,f,f,f,h
h,h,h,h,h,h,h,h,MNR,MNR,RCD,RCD,RCD,f,f,f,f,f,f,f,f,f,f,h
h,h,h,h,h,h,h,h,MBH,AXN,f,RCD,f,f,MNR,f,f,f,f,f,f,f,f,h
h,h,h,h,h,h,h,h,f,f,ATD,ProctorDining,f,f,f,f,f,f,RCD,f,f,f,f,h
h,h,h,h,h,h,h,RCD,MBH,f,f,RCD,f,f,f,f,f,RCD,f,f,f,f,f,h
h,h,h,h,h,h,h,h,f,MBH,MBH,WNS,f,f,f,f,f,ProctorDining,RCD,f,f,f,f,h
h,h,h,h,h,h,h,h,f,f,MBH,AXT,ProctorDining,f,f,f,f,f,RCD,f,f,f,f,h
h,h,h,h,h,h,ATD,h,ATD,f,f,RCD,ProctorDining,f,WNS,f,f,RCD,f,f,f,f,f,h
h,h,h,h,h,h,h,MBH,MBH,f,WNS,MBH,f,f,f,f,f,f,ProctorDining,f,f,f,f,h
h,h,h,h,h,h,h,h,CHT,f,f,RCD,f,f,f,f,f,RCD,f,f,f,f,f,h
h,h,h,h,h,h,h,ATD,ATD,f,ATD,ATD,f,f,f,f,f,f,f,f,f,f,f,h
h,h,h,h,h,h,h,h,f,f,f,WNS,ProctorDining,f,f,f,f,RCD,f,f,f,f,f,h
h,h,h,h,h,h,h,h,ProctorDining,MBH,f,ATD,f,f,f,f,RCD,ProctorDining,RCD,f,f,f,f,h
h,h,h,h,h,h,h,h,GFD,f,f,ProctorDining,f,f,AXN,f,ProctorDining,RCD,f,f,f,f,f,h
h,h,h,h,h,h,h,h,JHN,f,f,AXN,f,f,f,f,f,ProctorDining,f,f,f,f,f,h
h,h,h,h,h,h,h,h,f,f,RCD,CHT,f,f,f,f,ProctorDining,ProctorDining,f,f,f,f,f,h
h,h,h,h,h,h,h,h,CHT,AXN,f,ProctorDining,f,f,SDL,f,f,ProctorDining,f,f,f,f,f,h
h,h,h,h,h,h,h,RCD,ProctorDining,f,f,ProctorDining,f,f,f,f,f,f,f,f,f,f,f,h
h,h,h,h,h,h,h,h,f,f,f,RCD,f,f,f,f,f,f,f,f,f,f,f,h
h,h,h,h,h,h,h,h,f,f,WNS,HLD,f,f,f,f,f,f,ProctorDining,f,f,f,f,h
h,h,h,h,h,h,h,ProctorDining,ATD,f,HLD,OCH,ProctorDining,f,f,f,f,f,f,f,f,f,f,h
h,h,h,h,h,h,h,RCD,f,MBH,MBH,ATD,f,f,f,f,f,f,f,f,f,f,f,h
h,h,h,h,h,h,h,h,GFD,f,HLD,AXN,ATD,f,f,f,f,ProctorDining,ProctorDining,f,f,f,f,h
h,h,h,h,h,h,h,h,f,f,MBH,ATD,f,f,f,f,RCD,RCD,f,f,f,f,f,h
h,h,h,h,h,h,h,ProctorDining,HLD,FIC,f,f,RCD,f,f,f,f,f,f,f,f,f,f,h
h,h,h,h,h,h,RCD,h,AXT,MBH,f,f,f,f,f,f,f,ProctorDining,f,f,f,f,f,h
h,h,h,h,h,h,h,h,f,MBH,f,ProctorDining,ATD,f,f,f,f,f,f,f,f,f,f,h
h,h,h,h,h,h,h,CHT,LIB,f,MNR,ProctorDining,f,f,f,f,f,f,f,f,f,f,f,h
h,h,h,h,h,h,h,h,JHN,f,ATD,ProctorDining,ATD,f,f,f,f,f,ProctorDining,f,f,f,f,h
h,h,h,h,h,h,h,h,CHT,MBH,WNS,AXN,f,f,f,f,f,ProctorDining,f,f,f,f,f,h
h,h,h,h,h,h,h,RCD,f,MBH,f,f,f,f,f,f,f,f,f,f,f,f,f,h
h,h,h,h,h,h,h,h,f,f,CHT,RCD,RCD,f,f,f,ProctorDining,ProctorDining,ProctorDining,f,f,f,f,h
h,h,h,h,h,h,h,h,AXN,f,MBH,f,ATD,f,MBH,f,f,f,f,f,f,f,f,h
h,h,h,h,h,h,h,RCD,RCD,f,ProctorDining,RCD,RCD,MNR,f,f,f,f,f,f,f,f,f,h
h,h,h,h,h,h,h,MNR,f,WNS,f,RCD,ProctorDining,f,f,f,f,f,ProctorDining,f,f,f,f,h
h,h,h,h,h,h,h,h,f,WNS,f,RCD,f,f,f,f,f,ProctorDining,f,f,f,f,f,h
h,h,h,h,h,h,h,h,AXN,AXN,MNR,f,RCD,f,AXN,f,f,f,ProctorDining,f,f,f,f,h
h,h,h,h,h,h,h,WTH,MNR,AXN,ATD,RCD,f,f,f,f,f,f,RCD,f,f,f,f,h
h,h,h,h,h,h,h,ATD,f,f,MCA,ProctorDining,ProctorDining,f,f,f,f,ProctorDining,RCD,f,f,f,f,h
h,h,h,h,h,h,h,RCD,AXT,f,f,ProctorDining,ProctorDining,f,f,f,f,f,f,f,f,f,f,h
h,h,h,h,h,h,h,h,f,WNS,f,f,f,f,SDL,f,f,f,ProctorDining,f,f,f,f,h
h,h,h,h,h,h,h,RCD,f,HLD,f,WNS,RCD,f,f,f,RCD,RCD,f,f,f,f,f,h
h,h,h,h,h,h,h,h,MNR,f,f,f,ProctorDining,f,f,f,f,f,ProctorDining,f,f,f,f,h
h,h,h,h,h,h,h,ProctorDining,f,AXN,WNS,ProctorDining,RCD,f,MNR,f,f,f,f,f,f,f,f,h
h,h,h,h,h,h,h,ATD,ProctorDining,f,MBH,RCD,f,f,f,f,f,f,f,f,f,f,f,h
h,h,h,h,h,h,h,RCD,WNS,f,f,RCD,f,f,SDL,f,f,f,f,f,f,f,f,h
h,h,h,h,h,h,h,ProctorDining,WNS,f,MBH,f,ProctorDining,f,f,f,f,f,f,f,f,f,f,h
h,h,h,h,h,h,h,h,f,f,ProctorDining,MBH,RCD,f,MBH,f,f,f,f,f,f,f,f,h
h,h,h,h,h,h,h,ATD,f,f,f,WNS,RCD,MNR,f,f,f,RCD,RCD,f,f,f,f,h
h,h,h,h,h,h,ProctorDining,h,MNR,WNS,f,f,ATD,f,f,f,RCD,ProctorDining,f,f,f,f,f,h
h,h,h,h,h,h,h,ProctorDining,f,f,ProctorDining,ProctorDining,f,f,f,f,f,f,f,f,f,f,f,h
h,h,h,h,h,h,ATD,ProctorDining,f,f,f,ATD,RCD,AXN,f,f,f,f,f,f,f,f,f,h
h,h,h,h,h,h,h,h,f,CHT,f,f,f,f,WNS,f,f,RCD,ProctorDining,f,f,f,f,h
h,h,h,h,h,h,h,ATD,f,f,ATD,ProctorDining,f,FIC,f,f,f,f,f,f,f,f,f,h
h,h,h,h,h,h,h,CHT,f,f,f,f,f,f,RCD,f,f,f,f,f,f,f,f,h
h,h,h,h,h,h,h,h,f,f,f,MNR,f,MBH,f,f,f,ProctorDining,f,f,f,f,f,h
h,h,h,h,h,h,h,h,f,HLD,f,AXN,RCD,f,MBH,f,f,f,f,f,f,f,f,h
h,h,h,h,h,h,ProctorDining,h,f,MBH,RCD,AXT,RCD,f,f,f,f,f,ProctorDining,f,f,f,f,h
h,h,h,h,h,h,h,ATD,ProctorDining,CHT,MBH,ProctorDining,f,f,f,f,f,ProctorDining,f,f,f,f,f,h
h,h,h,h,h,h,h,ProctorDining,MBH,f,ATD,ProctorDining,f,f,CHT,f,f,f,f,f,f,f,f,h
h,h,h,h,h,h,h,h,f,MBH,WNS,FIC,f,f,f,f,f,ProctorDining,f,f,f,f,f,h
h,h,h,h,h,h,h,h,WNS,f,MBH,ProctorDining,f,f,f,f,f,f,ProctorDining,f,f,f,f,h
h,h,h,h,h,h,ATD,h,AXT,f,f,ProctorDining,ProctorDining,f,f,f,RCD,f,f,f,f,f,f,h
h,h,h,h,h,h,h,MNR,f,f,MNR,AXT,f,f,f,f,f,RCD,f,f,f,f,f,h
h,h,h,h,h,h,h,h,ATD,WNS,f,RCD,f,f,MCA,f,f,ProctorDining,ProctorDining,f,f,f,f,h
h,h,h,h,h,h,h,h,ProctorDining,f,WNS,ProctorDining,ProctorDining,f,f,f,f,RCD,f,f,f,f,f,h
h,h,h,h,h,h,h,h,CHT,f,MNR,RCD,f,AXT,f,f,f,f,RCD,f,f,f,f,h
h,h,h,h,h,h,h,h,RCD,MBH,f,ProctorDining,f,f,MNR,f,f,f,RCD,f,f,f,f,h
h,h,h,h,h,h,h,h,MBH,SDL,f,ProctorDining,f,f,f,f,f,f,f,f,f,f,f,h
h,h,h,h,h,h,ATD,RCD,f,f,ATD,ProctorDining,f,f,f,f,f,ProctorDining,f,f,f,f,f,h
h,h,h,h,h,h,h,h,RCD,MBH,ATD,MNR,ATD,f,f,f,f,ProctorDining,f,f,f,f,f,h
h,h,h,h,h,h,h,h,ProctorDining,AXN,f,MCA,ProctorDining,GFD,MNR,f,f,RCD,RCD,f,f,f,f,h
h,h,h,h,h,h,h,ProctorDining,ATD,GFD,f,ATD,f,f,f,f,f,f,RCD,f,f,f,f,h
h,h,h,h,h,h,h,h,ProctorDining,f,f,WNS,f,f,WNS,f,f,ProctorDining,f,f,f,f,f,h
h,h,h,h,h,h,h,h,f,AXN,f,AXN,RCD,f,f,f,f,ProctorDining,f,f,f,f,f,h
h,h,h,h,h,h,h,RCD,f,f,RCD,AXN,f,f,f,f,f,f,ProctorDining,f,f,f,f,h
h,h,h,h,h,h,h,h,MBH,f,WNS,MBH,RCD,f,f,f,f,ProctorDining,ProctorDining,f,f,f,f,h
h,h,h,h,h,h,h,h,f,GFD,MBH,f,f,f,f,f,f,ProctorDining,RCD,f,f,f,f,h
h,h,h,h,h,h,ProctorDining,ATD,f,f,HLD,SDL,ProctorDining,f,f,f,f,ProctorDining,RCD,f,f,f,f,h
h,h,h,h,h,h,h,h,ATD,f,f,f,f,f,f,f,f,f,f,f,f,f,f,h
h,h,h,h,h,h,h,h,MNR,f,MBH,ProctorDining,RCD,f,f,f,f,ProctorDining,f,f,f,f,f,h
h,h,h,h,h,h,h,h,GFD,f,ATD,AXT,f,f,f,f,f,ProctorDining,RCD,f,f,f,f,h
h,h,h,h,h,h,h,h,f,AXN,f,OCH,ProctorDining,AXT,f,f,f,f,ProctorDining,f,f,f,f,h
h,h,h,h,h,h,h,h,f,f,JHN,ATD,ProctorDining,MBH,MCA,f,f,f,f,f,f,f,f,h
h,h,h,h,h,h,h,ATD,f,f,ATD,ProctorDining,f,f,f,f,f,f,RCD,f,f,f,f,h
h,h,h,h,h,h,h,ATD,RCD,f,f,HLD,f,f,f,f,f,f,f,f,f,f,f,h
h,h,h,h,h,h,h,ProctorDining,f,f,MBH,RCD,f,f,FIC,f,f,RCD,f,f,f,f,f,h
h,h,h,h,h,h,h,ProctorDining,f,AXN,MBH,ATD,f,f,f,f,f,f,f,f,f,f,f,h
h,h,h,h,h,h,h,RCD,MBH,f,MBH,HLD,RCD,f,f,f,f,f,ProctorDining,f,f,f,f,h
h,h,h,h,h,h,h,ATD,RCD,f,MBH,ATD,f,f,f,f,f,f,RCD,f,f,f,f,h
h,h,h,h,h,h,h,h,MBH,MBH,f,RCD,f,f,f,f,f,RCD,ProctorDining,f,f,f,f,h
h,h,h,h,h,h,h,h,AXT,f,f,CHT,f,f,f,f,RCD,RCD,ProctorDining,f,f,f,f,h
h,h,h,h,h,h,h,ATD,f,f,RCD,WNS,ATD,f,MNR,f,f,ProctorDining,f,f,f,f,f,h
h,h,h,h,h,h,h,ATD,ProctorDining,f,HLD,ProctorDining,f,f,f,f,f,ProctorDining,ProctorDining,f,f,f,f,h
h,h,h,h,h,h,h,h,MBH,f,f,RCD,f,f,f,f,f,f,f,f,f,f,f,h
h,h,h,h,h,h,h,h,f,f,f,RCD,RCD,f,RCD,f,f,RCD,f,f,f,f,f,h
h,h,h,h,h,h,h,h,f,CHT,f,ATD,f,f,f,f,f,f,f,f,f,f,f,h
h,h,h,h,h,h,h,h,MBH,f,ATD,f,f,f,GFD,f,f,f,f,f,f,f,f,h
h,h,h,h,h,h,h,h,RCD,f,ATD,AXN,ATD,f,f,f,f,f,f,f,f,f,f,h
h,h,h,h,h,h,h,h,ProctorDining,f,ATD,ProctorDining,f,MBH,f,f,f,RCD,f,f,f,f,f,h
h,h,h,h,h,h,h,h,f,LIB,f,RCD,ProctorDining,f,f,f,f,RCD,f,f,f,f,f,h
h,h,h,h,h,h,h,h,f,LIB,MBH,RCD,f,f,f,f,f,f,ProctorDining,f,f,f,f,h
h,h,h,h,h,h,h,h,MNR,f,f,MNR,ProctorDining,f,f,f,f,f,ProctorDining,f,f,f,f,h
h,h,h,h,h,h,h,h,ATD,f,MBH,AXN,f,f,f,f,f,f,f,f,f,f,f,h
h,h,h,h,h,h,h,h,f,AXN,f,RCD,ProctorDining,f,f,f,RCD,f,ProctorDining,f,f,f,f,h
h,h,h,h,h,h,RCD,h,f,f,f,ProctorDining,f,f,f,f,f,f,f,f,f,f,f,h
h,h,h,h,h,h,h,h,f,f,MBH,ProctorDining,ProctorDining,f,f,f,f,f,f,f,f,f,f,h
h,h,h,h,h,h,h,h,RCD,SDL,MNR,RCD,f,f,MBH,f,f,ProctorDining,ProctorDining,f,f,f,f,h
h,h,h,h,h,h,h,MBH,AXN,f,ProctorDining,ProctorDining,f,f,f,f,RCD,f,RCD,f,f,f,f,h
h,h,h,h,h,h,h,MBH,CHT,GFD,f,RCD,RCD,f,f,f,f,ProctorDining,ProctorDining,f,f,f,f,h
h,h,h,h,h,h,h,h,MBH,f,JHN,MNR,f,f,f,f,f,f,f,f,f,f,f,h
h,h,h,h,h,h,h,MBH,MBH,f,f,ATD,ProctorDining,f,f,f,f,RCD,f,f,f,f,f,h
h,h,h,h,h,h,h,h,AXT,AXN,WNS,CHT,f,f,CHT,f,f,f,RCD,f,f,f,f,h
h,h,h,h,h,h,h,RCD,f,f,RCD,AXT,f,f,AXN,f,f,RCD,f,f,f,f,f,h
h,h,h,h,h,h,h,RCD,f,AXN,RCD,ATD,ProctorDining,f,AXN,f,RCD,f,f,f,f,f,f,h
h,h,h,h,h,h,h,RCD,ATD,MBH,CHT,MNR,f,f,f,f,f,RCD,RCD,f,f,f,f,h
h,h,h,h,h,h,h,h,FIC,f,MBH,MCA,f,f,f,f,f,ProctorDining,f,f,f,f,f,h
h,h,h,h,h,h,h,RCD,f,f,MBH,AXN,f,MBH,f,f,f,ProctorDining,f,f,f,f,f,h
h,h,h,h,h,h,h,RCD,RCD,f,WNS,AXT,ProctorDining,f,AXN,f,f,RCD,f,f,f,f,f,h
h,h,h,h,h,h,h,AXN,f,HLD,f,f,f,f,f,f,f,f,f,f,f,f,f,h
h,h,h,h,h,h,h,h,f,f,f,RCD,f,f,f,f,f,f,RCD,f,f,f,f,h
h,h,h,h,h,h,h,h,MBH,f,WNS,RCD,f,MBH,FIC,f,f,f,ProctorDining,f,f,f,f,h
h,h,h,h,h,h,h,h,AXN,MFH,MNR,ProctorDining,f,f,f,f,RCD,f,f,f,f,f,f,h
h,h,h,h,h,h,h,h,RCD,GFD,f,AXT,f,f,CHT,f,f,ProctorDining,ProctorDining,f,f,f,f,h
h,h,h,h,h,h,h,ATD,f,f,RCD,ATD,f,f,f,f,f,f,f,f,f,f,f,h
h,h,h,h,h,h,h,h,f,MFH,f,f,f,f,f,f,f,ProctorDining,RCD,f,f,f,f,h
h,h,h,h,h,h,h,h,MBH,f,MBH,ProctorDining,f,f,MCA,f,f,f,ProctorDining,f,f,f,f,h
h,h,h,h,h,h,h,h,WNS,WNS,ATD,WNS,RCD,f,f,f,f,f,ProctorDining,f,f,f,f,h
h,h,h,h,h,h,h,h,MNR,f,RCD,ProctorDining,f,f,f,f,f,f,f,f,f,f,f,h
h,h,h,h,h,h,h,h,GFD,f,MBH,f,f,f,f,f,f,f,f,f,f,f,f,h
h,h,h,h,h,h,h,h,f,AXN,f,LIB,f,f,f,f,f,ProctorDining,f,f,f,f,f,h
h,h,h,h,h,h,h,h,WNS,f,ATD,AXT,ProctorDining,f,f,f,f,ProctorDining,f,f,f,f,f,h
h,h,h,h,h,h,h,ATD,f,f,f,RCD,ATD,f,f,f,f,f,f,f,f,f,f,h
h,h,h,h,h,h,h,ATD,ProctorDining,f,f,ATD,f,f,f,f,f,RCD,f,f,f,f,f,h
h,h,h,h,h,h,h,ATD,RCD,MBH,f,AXN,f,f,f,f,f,RCD,f,f,f,f,f,h
h,h,h,h,h,h,h,ProctorDining,RCD,WNS,MBH,ProctorDining,ProctorDining,f,f,f,f,f,ProctorDining,f,f,f,f,h
h,h,h,h,h,h,h,h,ProctorDining,HLD,RCD,WNS,RCD,f,SDL,f,f,f,RCD,f,f,f,f,h
h,h,h,h,h,h,h,h,ProctorDining,f,MBH,ATD,ProctorDining,f,f,f,f,ProctorDining,f,f,f,f,f,h
h,h,h,h,h,h,RCD,ProctorDining,WNS,f,WNS,MNR,ProctorDining,f,f,f,f,f,f,f,f,f,f,h
h,h,h,h,h,h,h,h,MBH,f,f,AXN,f,f,f,f,f,RCD,ProctorDining,f,f,f,f,h
h,h,h,h,h,h,h,ProctorDining,RCD,CHT,f,LIB,f,f,f,f,f,f,f,f,f,f,f,h
h,h,h,h,h,h,h,RCD,AXN,f,ATD,ProctorDining,f,f,f,f,f,f,f,f,f,f,f,h
h,h,h,h,h,h,h,h,ProctorDining,f,RCD,RCD,f,f,f,f,f,ProctorDining,RCD,f,f,f,f,h
h,h,h,h,h,h,h,h,f,MCA,MBH,f,f,f,f,f,f,f,f,f,f,f,f,h
h,h,h,h,h,h,h,RCD,f,f,HLD,RCD,f,f,MBH,f,ProctorDining,ProctorDining,f,f,f,f,f,h
h,h,h,h,h,h,h,h,ProctorDining,AXT,AXN,RCD,ATD,AXT,f,f,f,ProctorDining,f,f,f,f,f,h
h,h,h,h,h,h,h,h,f,f,f,RCD,f,f,f,f,f,f,f,f,f,f,f,h
h,h,h,h,h,h,h,RCD,f,AXT,LIB,LIB,f,MBH,f,f,f,f,f,f,f,f,f,h
h,h,h,h,h,h,h,h,f,MBH,f,WNS,RCD,f,f,f,f,RCD,f,f,f,f,f,h
h,h,h,h,h,h,h,h,MBH,MBH,RCD,AXN,RCD,f,f,f,f,f,f,f,f,f,f,h
h,h,h,h,h,h,h,h,JHN,MBH,MBH,ATD,f,f,WNS,f,f,f,f,f,f,f,f,h
h,h,h,h,h,h,h,h,f,MBH,MBH,ATD,f,f,f,f,f,f,f,f,f,f,f,h
h,h,h,h,h,h,h,h,RCD,f,f,ATD,f,f,f,f,f,f,RCD,f,f,f,f,h
h,h,h,h,h,h,h,ATD,f,MBH,f,AXN,f,f,WNS,f,ProctorDining,ProctorDining,f,f,f,f,f,h
h,h,h,h,h,h,h,ProctorDining,f,f,f,RCD,RCD,f,AXT,f,f,f,f,f,f,f,f,h
h,h,h,h,h,h,h,h,f,CHT,f,f,ProctorDining,f,f,f,f,f,f,f,f,f,f,h
h,h,h,h,h,h,h,h,f,WNS,MBH,AXN,f,f,f,f,f,f,f,f,f,f,f,h
h,h,h,h,h,h,ProctorDining,ATD,f,f,f,RCD,f,f,f,f,f,ProctorDining,f,f,f,f,f,h
h,h,h,h,h,h,h,ATD,CHT,WNS,f,AXN,ProctorDining,f,MCA,f,f,f,f,f,f,f,f,h
h,h,h,h,h,h,h,ProctorDining,RCD,f,f,AXN,f,f,f,f,f,RCD,f,f,f,f,f,h
h,h,h,h,h,h,RCD,ATD,AXT,f,f,ProctorDining,ATD,f,f,f,f,f,ProctorDining,f,f,f,f,h
h,h,h,h,h,h,h,CHT,f,f,f,RCD,f,AXT,OCH,f,f,f,f,f,f,f,f,h
h,h,h,h,h,h,h,MBH,ATD,CHT,f,RCD,f,f,f,f,f,f,f,f,f,f,f,h
h,h,h,h,h,h,h,h,f,f,RCD,CHT,f,f,OCH,f,f,ProctorDining,RCD,f,f,f,f,h
h,h,h,h,h,h,h,ATD,ProctorDining,WNS,f,MNR,RCD,f,f,f,f,f,ProctorDining,f,f,f,f,h
h,h,h,h,h,h,h,ATD,MBH,AXT,AXT,AXN,f,f,MCA,f,f,f,f,f,f,f,f,h
h,h,h,h,h,h,h,h,WNS,f,MNR,AXN,f,f,f,f,f,f,f,f,f,f,f,h
h,h,h,h,h,h,h,h,RCD,f,f,ProctorDining,ProctorDining,MBH,f,f,f,f,f,f,f,f,f,h
h,h,h,h,h,h,RCD,h,MBH,f,f,ATD,f,f,f,f,f,ProctorDining,f,f,f,f,f,h
h,h,h,h,h,h,ProctorDining,h,f,AXT,HLD,f,ProctorDining,f,f,f,f,RCD,RCD,f,f,f,f,h
h,h,h,h,h,h,h,h,RCD,f,MBH,ATD,f,f,f,f,f,f,f,f,f,f,f,h
h,h,h,h,h,h,h,OCH,CHT,f,f,ProctorDining,RCD,f,f,f,RCD,f,f,f,f,f,f,h
h,h,h,h,h,h,h,h,f,LIB,f,ProctorDining,f,GFD,f,f,f,RCD,f,f,f,f,f,h
h,h,h,h,h,h,h,h,MBH,AXN,WNS,MNR,ProctorDining,f,f,f,f,ProctorDining,ProctorDining,f,f,f,f,h
h,h,h,h,h,h,h,h,f,AXT,WNS,ProctorDining,f,f,f,f,f,f,f,f,f,f,f,h
h,h,h,h,h,h,RCD,MBH,f,MBH,WNS,ProctorDining,ProctorDining,f,f,f,f,f,f,f,f,f,f,h
h,h,h,h,h,h,h,ProctorDining,MNR,f,RCD,RCD,f,f,f,f,f,f,f,f,f,f,f,h
h,h,h,h,h,h,h,RCD,RCD,f,f,WNS,f,f,f,f,f,f,f,f,f,f,f,h
h,h,h,h,h,h,h,h,RCD,AXT,RCD,f,f,f,f,f,f,f,ProctorDining,f,f,f,f,h
h,h,h,h,h,h,h,RCD,MNR,MCA,f,f,f,WNS,f,f,f,RCD,f,f,f,f,f,h
h,h,h,h,h,h,h,MBH,AXN,f,WNS,ATD,f,SDL,f,f,f,f,f,f,f,f,f,h
h,h,h,h,h,h,h,ATD,f,f,WNS,ATD,f,f,f,f,f,RCD,f,f,f,f,f,h
h,h,h,h,h,h,h,h,f,f,WNS,f,f,MBH,f,f,f,RCD,f,f,f,f,f,h
h,h,h,h,h,h,h,h,RCD,f,f,ATD,f,f,f,f,RCD,f,ProctorDining,f,f,f,f,h
h,h,h,h,h,h,h,h,AXT,f,ATD,ATD,f,f,f,f,RCD,f,ProctorDining,f,f,f,f,h
h,h,h,h,h,h,h,h,f,MBH,MNR,MNR,f,f,f,f,f,ProctorDining,f,f,f,f,f,h
h,h,h,h,h,h,h,h,f,MBH,MBH,RCD,ATD,f,f,f,RCD,f,RCD,f,f,f,f,h
h,h,h,h,h,h,h,h,MBH,f,f,AXN,f,f,f,f,f,f,f,f,f,f,f,h
h,h,h,h,h,h,h,h,MBH,f,f,f,f,f,f,f,f,RCD,ProctorDining,f,f,f,f,h
h,h,h,h,h,h,h,h,JHN,ATD,f,CHT,f,f,f,f,RCD,RCD,RCD,f,f,f,f,h
h,h,h,h,h,h,h,h,f,MBH,f,f,f,f,f,f,f,ProctorDining,f,f,f,f,f,h
h,h,h,h,h,h,h,MBH,MCA,MBH,ProctorDining,RCD,f,f,f,f,f,RCD,f,f,f,f,f,h
h,h,h,h,h,h,h,h,RCD,WNS,RCD,WNS,ProctorDining,f,CHT,f,f,RCD,ProctorDining,f,f,f,f,h
h,h,h,h,h,h,ATD,WNS,MBH,f,f,ProctorDining,f,f,AXN,f,f,f,RCD,f,f,f,f,h
h,h,h,h,h,h,h,h,f,MFH,WNS,f,f,GFD,WNS,f,f,f,RCD,f,f,f,f,h
h,h,h,h,h,h,h,h,AXT,MBH,f,f,RCD,f,f,f,f,f,f,f,f,f,f,h
h,h,h,h,h,h,h,h,f,f,f,ProctorDining,f,f,f,f,f,f,RCD,f,f,f,f,h
h,h,h,h,h,h,h,ATD,MBH,f,HLD,AXT,f,f,f,f,ProctorDining,f,RCD,f,f,f,f,h
h,h,h,h,h,h,h,h,MNR,WNS,f,ProctorDining,f,f,f,f,f,f,RCD,f,f,f,f,h
h,h,h,h,h,h,h,ProctorDining,OCH,f,f,ProctorDining,ProctorDining,f,f,f,f,f,f,f,f,f,f,h
h,h,h,h,h,h,h,h,f,AXN,MNR,WNS,ATD,f,MNR,f,f,f,f,f,f,f,f,h
h,h,h,h,h,h,h,ProctorDining,GFD,f,MBH,AXN,f,f,MBH,f,f,f,f,f,f,f,f,h
h,h,h,h,h,h,h,h,WNS,f,f,ProctorDining,f,f,AXN,f,f,ProctorDining,f,f,f,f,f,h
h,h,h,h,h,h,h,h,f,f,f,ProctorDining,ProctorDining,f,f,f,f,RCD,f,f,f,f,f,h
h,h,h,h,h,h,h,h,MBH,AXN,f,ProctorDining,RCD,f,f,f,f,ProctorDining,RCD,f,f,f,f,h
h,h,h,h,h,h,h,RCD,AXT,f,f,WNS,f,f,AXN,f,f,f,RCD,f,f,f,f,h
h,h,h,h,h,h,h,ProctorDining,AXT,CHT,MBH,WNS,f,f,f,f,f,f,f,f,f,f,f,h
h,h,h,h,h,h,h,h,MBH,MBH,f,HLD,f,f,WNS,f,f,ProctorDining,f,f,f,f,f,h
h,h,h,h,h,h,h,h,WNS,f,f,f,f,f,OCH,f,f,f,RCD,f,f,f,f,h
h,h,h,h,h,h,h,h,AXN,MBH,f,FIC,f,f,f,f,f,f,f,f,f,f,f,h
h,h,h,h,h,h,h,h,ATD,WNS,ATD,ATD,RCD,f,f,f,f,f,RCD,f,f,f,f,h
h,h,h,h,h,h,h,h,f,f,f,ProctorDining,f,f,SDL,f,f,f,f,f,f,f,f,h
h,h,h,h,h,h,h,h,MBH,MBH,f,f,RCD,f,WNS,f,f,f,ProctorDining,f,f,f,f,h
h,h,h,h,h,h,h,MBH,ProctorDining,f,RCD,RCD,f,f,f,f,f,ProctorDining,ProctorDining,f,f,f,f,h
h,h,h,h,h,h,h,OCH,LIB,f,ATD,RCD,f,f,f,f,f,f,f,f,f,f,f,h
h,h,h,h,h,h,h,h,WNS,f,f,ProctorDining,f,f,f,f,f,ProctorDining,f,f,f,f,f,h
h,h,h,h,h,h,h,h,AXT,WNS,ProctorDining,HLD,RCD,WNS,f,f,f,ProctorDining,f,f,f,f,f,h
h,h,h,h,h,h,h,WNS,MCA,WNS,ATD,RCD,f,f,f,f,f,RCD,RCD,f,f,f,f,h
h,h,h,h,h,h,h,MBH,ATD,f,ProctorDining,ProctorDining,f,MBH,f,f,f,f,f,f,f,f,f,h
h,h,h,h,h,h,RCD,ProctorDining,MBH,WNS,f,AXT,f,f,MBH,f,f,RCD,ProctorDining,f,f,f,f,h
h,h,h,h,h,h,h,RCD,f,f,f,ATD,f,f,f,f,f,f,f,f,f,f,f,h
h,h,h,h,h,h,ProctorDining,h,AXN,f,f,f,f,f,f,f,f,RCD,f,f,f,f,f,h
h,h,h,h,h,h,h,h,ProctorDining,f,HLD,f,ProctorDining,f,f,f,f,ProctorDining,f,f,f,f,f,h
h,h,h,h,h,h,h,ATD,MBH,f,f,CHT,ProctorDining,f,f,f,f,f,f,f,f,f,f,h
h,h,h,h,h,h,h,h,RCD,f,HLD,RCD,f,f,f,f,f,f,RCD,f,f,f,f,h
h,h,h,h,h,h,h,ATD,HLD,f,f,MNR,f,f,f,f,f,f,f,f,f,f,f,h
h,h,h,h,h,h,h,h,RCD,f,MBH,HLD,f,f,f,f,f,f,f,f,f,f,f,h
h,h,h,h,h,h,h,h,f,AXT,f,AXN,f,f,f,f,f,f,f,f,f,f,f,h
h,h,h,h,h,h,h,h,FIC,f,MNR,ProctorDining,f,f,f,f,f,f,ProctorDining,f,f,f,f,h
h,h,h,h,h,h,h,ATD,f,CHT,f,MCA,f,f,f,f,f,RCD,f,f,f,f,f,h
h,h,h,h,h,h,h,ProctorDining,RCD,MCA,f,WNS,RCD,f,f,f,f,RCD,f,f,f,f,f,h
h,h,h,h,h,h,h,h,f,f,MBH,ProctorDining,RCD,MBH,f,f,ProctorDining,f,f,f,f,f,f,h
h,h,h,h,h,h,h,h,MBH,HLD,WNS,ProctorDining,RCD,f,f,f,ProctorDining,RCD,f,f,f,f,f,h
h,h,h,h,h,h,h,RCD,GFD,f,f,AXT,f,f,AXT,f,f,f,RCD,f,f,f,f,h
h,h,h,h,h,h,h,ATD,ProctorDining,f,RCD,RCD,ProctorDining,MBH,f,f,ProctorDining,f,RCD,f,f,f,f,h
h,h,h,h,h,h,h,h,f,f,f,WNS,ProctorDining,f,SDL,f,f,f,ProctorDining,f,f,f,f,h
h,h,h,h,h,h,h,WNS,MBH,f,WNS,HLD,f,f,f,f,f,f,ProctorDining,f,f,f,f,h
h,h,h,h,h,h,h,h,f,f,RCD,f,RCD,f,f,f,f,f,f,f,f,f,f,h
h,h,h,h,h,h,h,h,f,f,RCD,AXN,ProctorDining,f,f,f,f,RCD,f,f,f,f,f,h
h,h,h,h,h,h,h,RCD,MBH,f,JHN,ATD,ProctorDining,f,f,f,ProctorDining,ProctorDining,RCD,f,f,f,f,h
h,h,h,h,h,h,h,h,RCD,MCA,f,HLD,f,FIC,f,f,f,f,RCD,f,f,f,f,h
h,h,h,h,h,h,h,h,MNR,f,WNS,MNR,f,f,f,f,f,f,f,f,f,f,f,h
h,h,h,h,h,h,h,ProctorDining,WNS,f,WNS,RCD,RCD,f,f,f,f,ProctorDining,ProctorDining,f,f,f,f,h
h,h,h,h,h,h,h,h,f,CHT,f,ATD,ProctorDining,f,f,f,f,f,RCD,f,f,f,f,h
h,h,h,h,h,h,h,h,LIB,f,LIB,ATD,ATD,f,f,f,f,f,f,f,f,f,f,h
h,h,h,h,h,h,h,RCD,ATD,f,f,ProctorDining,ATD,MBH,MBH,f,f,f,f,f,f,f,f,h
h,h,h,h,h,h,h,ProctorDining,ATD,f,f,ATD,ATD,f,MBH,f,f,f,ProctorDining,f,f,f,f,h
h,h,h,h,h,h,h,ProctorDining,f,f,f,f,RCD,f,AXT,f,f,f,f,f,f,f,f,h
h,h,h,h,h,h,h,h,f,f,ProctorDining,LIB,ATD,f,f,f,f,f,f,f,f,f,f,h
h,h,h,h,h,h,h,h,MBH,f,f,AXN,f,f,f,f,f,ProctorDining,f,f,f,f,f,h
h,h,h,h,h,h,h,MBH,RCD,f,ProctorDining,f,f,f,f,f,f,f,f,f,f,f,f,h
h,h,h,h,h,h,h,h,ProctorDining,f,WNS,HLD,ATD,f,f,f,f,f,f,f,f,f,f,h
h,h,h,h,h,h,h,h,MBH,f,f,LIB,f,f,f,f,f,f,f,f,f,f,f,h
h,h,h,h,h,h,ATD,h,AXT,f,MBH,f,f,f,f,f,f,f,f,f,f,f,f,h
h,h,h,h,h,h,h,RCD,ATD,f,ATD,MCA,f,f,f,f,f,f,RCD,f,f,f,f,h
h,h,h,h,h,h,h,h,MBH,f,ATD,FIC,ProctorDining,f,MBH,f,f,RCD,f,f,f,f,f,h
h,h,h,h,h,h,h,h,ProctorDining,MCA,f,MBH,f,f,CHT,f,f,ProctorDining,f,f,f,f,f,h
h,h,h,h,h,h,h,h,ProctorDining,WNS,f,RCD,f,f,f,f,f,f,RCD,f,f,f,f,h
h,h,h,h,h,h,RCD,OCH,CHT,MBH,f,MNR,f,f,FIC,f,f,ProctorDining,f,f,f,f,f,h
h,h,h,h,h,h,h,h,ProctorDining,f,RCD,RCD,f,MBH,f,f,f,f,ProctorDining,f,f,f,f,h
h,h,h,h,h,h,h,h,MBH,CHT,f,ATD,f,f,f,f,ProctorDining,ProctorDining,f,f,f,f,f,h
h,h,h,h,h,h,h,ProctorDining,ProctorDining,f,f,ProctorDining,ProctorDining,f,f,f,f,RCD,RCD,f,f,f,f,h
h,h,h,h,h,h,h,h,MBH,f,f,ProctorDining,f,f,MBH,f,f,f,f,f,f,f,f,h
h,h,h,h,h,h,h,ProctorDining,RCD,HLD,f,RCD,f,f,f,f,f,f,f,f,f,f,f,h
h,h,h,h,h,h,RCD,h,MBH,MBH,f,f,f,f,f,f,f,RCD,f,f,f,f,f,h
h,h,h,h,h,h,h,ProctorDining,f,f,RCD,ProctorDining,ProctorDining,f,MCA,f,f,RCD,RCD,f,f,f,f,h
h,h,h,h,h,h,h,h,ProctorDining,f,f,MBH,f,f,AXN,f,f,RCD,RCD,f,f,f,f,h
h,h,h,h,h,h,h,MBH,AXN,FIC,f,AXT,f,f,f,f,f,RCD,f,f,f,f,f,h
h,h,h,h,h,h,h,h,MNR,MBH,MBH,ATD,RCD,f,f,f,RCD,ProctorDining,f,f,f,f,f,h
h,h,h,h,h,h,h,h,f,f,MNR,f,f,f,f,f,f,f,f,f,f,f,f,h
h,h,h,h,h,h,h,h,AXT,AXN,MBH,HLD,f,f,f,f,f,f,f,f,f,f,f,h
h,h,h,h,h,h,h,h,WNS,f,f,LIB,f,f,f,f,f,f,ProctorDining,f,f,f,f,h
h,h,h,h,h,h,h,h,ProctorDining,f,f,RCD,ProctorDining,f,WNS,f,f,f,RCD,f,f,f,f,h
h,h,h,h,h,h,h,h,FIC,WNS,f,f,RCD,f,f,f,f,f,f,f,f,f,f,h
h,h,h,h,h,h,h,ProctorDining,MNR,WNS,RCD,CHT,f,f,f,f,f,f,f,f,f,f,f,h
h,h,h,h,h,h,h,ATD,ATD,f,ATD,ProctorDining,f,f,LIB,f,f,ProctorDining,f,f,f,f,f,h
h,h,h,h,h,h,h,h,JHN,f,f,RCD,ProctorDining,f,f,f,f,f,f,f,f,f,f,h
h,h,h,h,h,h,h,MBH,ATD,MCA,AXT,f,f,f,f,f,f,RCD,f,f,f,f,f,h
h,h,h,h,h,h,h,ProctorDining,JHN,f,f,ProctorDining,f,f,f,f,f,f,f,f,f,f,f,h
h,h,h,h,h,h,h,h,f,AXN,f,AXN,ATD,f,f,f,f,f,f,f,f,f,f,h
h,h,h,h,h,h,h,ProctorDining,ProctorDining,WNS,RCD,WNS,ATD,f,f,f,f,f,f,f,f,f,f,h
h,h,h,h,h,h,h,RCD,RCD,f,ProctorDining,ATD,ProctorDining,f,f,f,f,ProctorDining,RCD,f,f,f,f,h
h,h,h,h,h,h,h,h,f,f,f,RCD,ProctorDining,f,f,f,f,RCD,f,f,f,f,f,h
h,h,h,h,h,h,h,h,MNR,f,f,AXN,f,f,f,f,f,f,ProctorDining,f,f,f,f,h
h,h,h,h,h,h,h,h,f,f,f,MBH,f,f,WNS,f,f,f,f,f,f,f,f,h
h,h,h,h,h,h,ATD,ProctorDining,RCD,f,f,ProctorDining,f,f,f,f,RCD,f,f,f,f,f,f,h
h,h,h,h,h,h,h,h,LIB,MBH,f,f,f,AXN,f,f,f,f,ProctorDining,f,f,f,f,h
h,h,h,h,h,h,h,ATD,f,f,CHT,RCD,f,f,AXN,f,f,f,f,f,f,f,f,h
h,h,h,h,h,h,h,h,WNS,f,f,ProctorDining,f,f,MBH,f,f,f,f,f,f,f,f,h
h,h,h,h,h,h,h,h,f,f,f,f,ATD,f,f,f,f,f,f,f,f,f,f,h
h,h,h,h,h,h,h,h,WNS,f,MBH,SDL,f,f,f,f,f,RCD,f,f,f,f,f,h
h,h,h,h,h,h,h,h,MBH,f,f,SDL,f,f,f,f,f,f,f,f,f,f,f,h
h,h,h,h,h,h,h,RCD,ATD,f,WNS,ATD,ATD,f,f,f,f,ProctorDining,f,f,f,f,f,h
h,h,h,h,h,h,h,ATD,f,f,f,MNR,f,f,AXN,f,f,ProctorDining,RCD,f,f,f,f,h
h,h,h,h,h,h,h,ProctorDining,f,f,f,ATD,ATD,f,f,f,f,ProctorDining,RCD,f,f,f,f,h
h,h,h,h,h,h,h,MBH,f,FIC,f,AXT,f,f,MBH,f,f,f,f,f,f,f,f,h
h,h,h,h,h,h,h,RCD,f,f,f,RCD,ProctorDining,GFD,MCA,f,f,ProctorDining,RCD,f,f,f,f,h
h,h,h,h,h,h,ProctorDining,ProctorDining,GFD,MBH,MBH,LIB,f,f,f,f,f,RCD,f,f,f,f,f,h
h,h,h,h,h,h,h,h,ATD,f,f,f,f,f,f,f,f,f,RCD,f,f,f,f,h
h,h,h,h,h,h,h,h,RCD,WNS,f,MBH,f,f,f,f,f,f,f,f,f,f,f,h
h,h,h,h,h,h,h,ProctorDining,f,f,WNS,ProctorDining,f,f,AXT,f,f,RCD,RCD,f,f,f,f,h
h,h,h,h,h,h,h,h,f,AXN,MBH,WNS,f,f,f,f,f,ProctorDining,f,f,f,f,f,h
h,h,h,h,h,h,h,h,ProctorDining,MBH,MBH,f,f,f,f,f,f,f,ProctorDining,f,f,f,f,h
h,h,h,h,h,h,h,h,RCD,f,f,ATD,ProctorDining,f,f,f,f,f,f,f,f,f,f,h
h,h,h,h,h,h,h,h,MBH,f,WNS,MNR,f,f,MNR,f,f,RCD,ProctorDining,f,f,f,f,h
h,h,h,h,h,h,h,ProctorDining,ATD,f,f,ProctorDining,f,FIC,f,f,f,f,f,f,f,f,f,h
h,h,h,h,h,h,h,h,MNR,f,WNS,ATD,f,f,f,f,f,f,f,f,f,f,f,h
h,h,h,h,h,h,h,h,f,f,f,AXN,ProctorDining,f,f,f,f,f,f,f,f,f,f,h
h,h,h,h,h,h,h,ProctorDining,ProctorDining,f,f,ProctorDining,RCD,f,RCD,f,RCD,ProctorDining,f,f,f,f,f,h
h,h,h,h,h,h,h,h,f,AXN,f,RCD,f,f,f,f,f,f,f,f,f,f,f,h
h,h,h,h,h,h,h,RCD,HLD,MBH,f,ProctorDining,f,f,LIB,f,f,RCD,f,f,f,f,f,h
h,h,h,h,h,h,h,h,f,f,AXN,RCD,ATD,f,f,f,f,f,f,f,f,f,f,h
h,h,h,h,h,h,h,h,RCD,WNS,AXN,f,f,f,f,f,f,RCD,ProctorDining,f,f,f,f,h
h,h,h,h,h,h,h,RCD,MBH,MCA,WNS,LIB,ProctorDining,f,f,f,f,ProctorDining,f,f,f,f,f,h
h,h,h,h,h,h,h,h,f,f,RCD,ProctorDining,f,f,f,f,f,f,RCD,f,f,f,f,h
h,h,h,h,h,h,h,h,CHT,f,MBH,AXT,ProctorDining,f,f,f,f,ProctorDining,f,f,f,f,f,h
h,h,h,h,h,h,h,h,WNS,MBH,f,f,f,f,WNS,f,f,ProctorDining,f,f,f,f,f,h
h,h,h,h,h,h,h,h,WNS,f,f,RCD,RCD,FIC,f,f,f,f,f,f,f,f,f,h
h,h,h,h,h,h,h,h,f,f,f,f,RCD,f,f,f,f,f,f,f,f,f,f,h
h,h,h,h,h,h,h,ProctorDining,f,MBH,RCD,ATD,f,f,f,f,f,f,f,f,f,f,f,h
h,h,h,h,h,h,ATD,RCD,RCD,f,f,f,f,f,f,f,f,f,f,f,f,f,f,h
h,h,h,h,h,h,h,ATD,f,MBH,ProctorDining,LIB,f,f,f,f,f,f,f,f,f,f,f,h
h,h,h,h,h,h,h,ATD,f,f,MBH,ATD,f,f,f,f,f,f,f,f,f,f,f,h
h,h,h,h,h,h,h,ProctorDining,AXN,f,MBH,WNS,RCD,f,f,f,f,f,RCD,f,f,f,f,h
h,h,h,h,h,h,RCD,ATD,MNR,f,f,ATD,f,f,f,f,f,ProctorDining,f,f,f,f,f,h
h,h,h,h,h,h,h,h,f,f,f,RCD,ATD,f,MNR,f,f,ProctorDining,f,f,f,f,f,h
h,h,h,h,h,h,h,ProctorDining,ProctorDining,f,LIB,ProctorDining,RCD,f,f,f,f,f,f,f,f,f,f,h
h,h,h,h,h,h,h,h,f,MBH,MBH,ProctorDining,f,f,f,f,f,f,f,f,f,f,f,h
h,h,h,h,h,h,ProctorDining,MBH,ATD,f,f,f,RCD,f,OCH,f,f,f,ProctorDining,f,f,f,f,h
h,h,h,h,h,h,h,h,f,f,f,AXN,f,f,f,f,f,ProctorDining,RCD,f,f,f,f,h
h,h,h,h,h,h,h,h,MCA,f,MBH,RCD,ProctorDining,MNR,WNS,f,f,f,f,f,f,f,f,h
h,h,h,h,h,h,h,h,ATD,AXN,f,ProctorDining,f,f,f,f,RCD,RCD,f,f,f,f,f,h
h,h,h,h,h,h,h,h,MBH,AXN,f,HLD,f,f,f,f,f,ProctorDining,f,f,f,f,f,h
h,h,h,h,h,h,h,ProctorDining,RCD,f,ProctorDining,ProctorDining,f,f,f,f,f,f,ProctorDining,f,f,f,f,h
h,h,h,h,h,h,h,h,f,AXN,WNS,MBH,ATD,f,AXN,f,f,f,RCD,f,f,f,f,h
h,h,h,h,h,h,h,h,f,GFD,f,ATD,f,f,f,f,f,RCD,f,f,f,f,f,h
h,h,h,h,h,h,h,h,MBH,MBH,FIC,RCD,f,f,f,f,f,ProctorDining,f,f,f,f,f,h
h,h,h,h,h,h,h,h,WNS,f,f,RCD,ATD,f,MNR,f,f,RCD,f,f,f,f,f,h
h,h,h,h,h,h,h,h,ATD,MBH,f,MNR,f,f,CHT,f,f,f,f,f,f,f,f,h
h,h,h,h,h,h,h,h,f,f,f,WNS,f,f,f,f,f,f,RCD,f,f,f,f,h
h,h,h,h,h,h,ProctorDining,h,MBH,f,f,ProctorDining,f,f,f,f,f,f,RCD,f,f,f,f,h
h,h,h,h,h,h,h,WNS,MBH,MBH,MBH,f,ATD,MBH,LIB,f,f,RCD,f,f,f,f,f,h
h,h,h,h,h,h,h,ATD,f,MCA,f,RCD,f,f,f,f,f,RCD,f,f,f,f,f,h
h,h,h,h,h,h,h,h,AXT,f,ATD,MNR,RCD,f,f,f,f,ProctorDining,f,f,f,f,f,h
h,h,h,h,h,h,h,h,RCD,AXT,f,ProctorDining,f,f,f,f,f,RCD,f,f,f,f,f,h
h,h,h,h,h,h,h,MBH,CHT,MBH,f,ProctorDining,ProctorDining,f,f,f,f,f,RCD,f,f,f,f,h
h,h,h,h,h,h,h,MBH,ProctorDining,CHT,OCH,f,f,f,AXT,f,f,ProctorDining,ProctorDining,f,f,f,f,h
h,h,h,h,h,h,h,ATD,f,f,f,ATD,f,f,f,f,f,f,ProctorDining,f,f,f,f,h
h,h,h,h,h,h,h,h,WNS,f,ATD,RCD,f,f,f,f,f,ProctorDining,f,f,f,f,f,h
h,h,h,h,h,h,h,AXN,RCD,f,f,ProctorDining,f,f,AXN,f,f,f,ProctorDining,f,f,f,f,h
h,h,h,h,h,h,h,h,ProctorDining,f,RCD,ProctorDining,f,f,CHT,f,f,RCD,f,f,f,f,f,h
h,h,h,h,h,h,ProctorDining,MBH,f,MBH,HLD,MCA,f,f,f,f,f,f,f,f,f,f,f,h
h,h,h,h,h,h,h,ProctorDining,GFD,f,MBH,AXN,f,f,AXN,f,f,RCD,ProctorDining,f,f,f,f,h
h,h,h,h,h,h,h,ATD,MBH,MFH,AXT,f,ProctorDining,GFD,f,f,f,RCD,f,f,f,f,f,h
h,h,h,h,h,h,h,h,HLD,f,f,RCD,ATD,f,GFD,f,f,f,ProctorDining,f,f,f,f,h
h,h,h,h,h,h,h,WNS,ATD,MFH,f,SDL,f,f,f,f,f,f,f,f,f,f,f,h
h,h,h,h,h,h,ProctorDining,h,f,f,f,RCD,ProctorDining,f,f,f,f,RCD,RCD,f,f,f,f,h
h,h,h,h,h,h,h,ProctorDining,AXT,MBH,HLD,f,f,f,AXN,f,f,f,RCD,f,f,f,f,h
h,h,h,h,h,h,ProctorDining,h,MBH,f,ATD,AXT,f,f,f,f,f,f,f,f,f,f,f,h
h,h,h,h,h,h,h,h,MBH,HLD,f,RCD,RCD,f,f,f,f,RCD,f,f,f,f,f,h
h,h,h,h,h,h,h,h,WNS,f,RCD,WNS,f,f,f,f,f,RCD,f,f,f,f,f,h
h,h,h,h,h,h,h,ATD,f,GFD,MBH,AXN,f,f,f,f,f,f,RCD,f,f,f,f,h
h,h,h,h,h,h,h,RCD,ATD,AXN,RCD,f,ATD,f,f,f,f,RCD,f,f,f,f,f,h
h,h,h,h,h,h,h,h,OCH,f,WNS,RCD,RCD,f,AXN,f,f,ProctorDining,f,f,f,f,f,h
h,h,h,h,h,h,h,h,RCD,f,f,CHT,ProctorDining,f,CHT,f,f,ProctorDining,RCD,f,f,f,f,h
h,h,h,h,h,h,h,ATD,HLD,f,f,ATD,f,f,f,f,f,ProctorDining,RCD,f,f,f,f,h
h,h,h,h,h,h,RCD,h,MBH,LIB,CHT,MBH,ProctorDining,f,f,f,f,ProctorDining,RCD,f,f,f,f,h
h,h,h,h,h,h,h,RCD,f,f,MNR,ATD,f,f,f,f,f,ProctorDining,ProctorDining,f,f,f,f,h
h,h,h,h,h,h,h,RCD,f,MCA,JHN,HLD,ProctorDining,FIC,f,f,f,f,f,f,f,f,f,h
h,h,h,h,h,h,h,RCD,MBH,f,f,RCD,ProctorDining,f,f,f,f,f,RCD,f,f,f,f,h
h,h,h,h,h,h,h,RCD,ProctorDining,f,f,ATD,ProctorDining,f,RCD,f,f,f,RCD,f,f,f,f,h
h,h,h,h,h,h,h,h,AXN,CHT,MBH,MBH,f,f,MBH,f,f,f,RCD,f,f,f,f,h
h,h,h,h,h,h,h,h,ATD,f,WNS,f,ProctorDining,f,AXN,f,ProctorDining,f,f,f,f,f,f,h
h,h,h,h,h,h,h,RCD,MBH,f,MBH,f,ProctorDining,f,f,f,f,RCD,f,f,f,f,f,h
h,h,h,h,h,h,h,h,f,f,RCD,AXT,ATD,f,f,f,f,f,RCD,f,f,f,f,h
h,h,h,h,h,h,h,AXN,ATD,f,f,AXT,f,MBH,f,f,f,f,f,f,f,f,f,h
h,h,h,h,h,h,h,h,f,MCA,f,ProctorDining,ProctorDining,f,f,f,ProctorDining,f,f,f,f,f,f,h
h,h,h,h,h,h,h,ProctorDining,MBH,AXT,f,AXN,ProctorDining,f,f,f,f,ProctorDining,f,f,f,f,f,h
h,h,h,h,h,h,h,MBH,RCD,f,RCD,RCD,f,f,AXN,f,f,f,f,f,f,f,f,h
h,h,h,h,h,h,h,WNS,ATD,GFD,f,ATD,ProctorDining,f,AXN,f,f,f,ProctorDining,f,f,f,f,h
h,h,h,h,h,h,h,RCD,ProctorDining,f,ATD,MNR,f,f,f,f,f,f,f,f,f,f,f,h
h,h,h,h,h,h,h,h,ATD,f,JHN,AXN,f,f,AXT,f,f,ProctorDining,f,f,f,f,f,h
h,h,h,h,h,h,h,h,JHN,AXN,AXN,AXT,ATD,f,MNR,f,f,RCD,f,f,f,f,f,h
h,h,h,h,h,h,h,h,MBH,f,f,ProctorDining,f,f,f,f,f,RCD,f,f,f,f,f,h
h,h,h,h,h,h,h,h,WNS,f,MBH,RCD,RCD,FIC,f,f,f,ProctorDining,f,f,f,f,f,h
h,h,h,h,h,h,h,RCD,CHT,f,f,ProctorDining,f,MBH,AXT,f,f,RCD,f,f,f,f,f,h
h,h,h,h,h,h,h,ProctorDining,f,f,MBH,ProctorDining,RCD,f,f,f,f,RCD,f,f,f,f,f,h
h,h,h,h,h,h,h,ATD,f,WNS,RCD,ATD,f,f,MBH,f,f,RCD,RCD,f,f,f,f,h
h,h,h,h,h,h,h,h,f,f,ATD,RCD,ProctorDining,f,f,f,f,ProctorDining,f,f,f,f,f,h
h,h,h,h,h,h,h,ATD,MBH,CHT,f,ATD,ATD,f,f,f,f,f,RCD,f,f,f,f,h
h,h,h,h,h,h,h,h,WNS,f,f,AXN,f,f,RCD,f,f,RCD,RCD,f,f,f,f,h
h,h,h,h,h,h,h,h,MBH,f,MBH,ProctorDining,f,f,f,f,f,f,f,f,f,f,f,h
h,h,h,h,h,h,h,h,f,MNR,f,AXT,f,f,f,f,f,ProctorDining,f,f,f,f,f,h
h,h,h,h,h,h,h,h,f,f,f,WNS,ProctorDining,f,AXN,f,f,RCD,f,f,f,f,f,h
h,h,h,h,h,h,h,MBH,f,GFD,OCH,MNR,f,f,f,f,f,f,f,f,f,f,f,h
h,h,h,h,h,h,h,h,ATD,f,f,RCD,f,f,f,f,f,RCD,f,f,f,f,f,h
h,h,h,h,h,h,h,h,AXT,f,RCD,HLD,ATD,f,WNS,f,f,RCD,f,f,f,f,f,h
h,h,h,h,h,h,h,ProctorDining,MBH,f,f,JHN,f,f,f,f,f,RCD,RCD,f,f,f,f,h
h,h,h,h,h,h,h,ProctorDining,MBH,f,f,ATD,f,f,f,f,f,ProctorDining,f,f,f,f,f,h
h,h,h,h,h,h,h,h,f,CHT,JHN,ProctorDining,ProctorDining,f,MCA,f,f,RCD,f,f,f,f,f,h
h,h,h,h,h,h,h,h,f,MFH,f,f,f,f,GFD,f,f,f,f,f,f,f,f,h
h,h,h,h,h,h,RCD,h,HLD,MCA,f,FIC,f,f,WNS,f,f,RCD,RCD,f,f,f,f,h
h,h,h,h,h,h,h,h,ATD,AXN,ProctorDining,ProctorDining,RCD,f,f,f,f,ProctorDining,f,f,f,f,f,h
h,h,h,h,h,h,h,h,f,f,f,ATD,RCD,f,f,f,RCD,RCD,f,f,f,f,f,h
h,h,h,h,h,h,h,h,RCD,MBH,MNR,f,RCD,f,f,f,f,RCD,RCD,f,f,f,f,h
h,h,h,h,h,h,h,h,f,MFH,f,AXN,ATD,f,FIC,f,f,f,ProctorDining,f,f,f,f,h
h,h,h,h,h,h,h,RCD,AXT,f,f,ATD,f,f,OCH,f,f,ProctorDining,f,f,f,f,f,h
h,h,h,h,h,h,h,h,ProctorDining,MBH,MBH,FIC,f,f,AXT,f,f,f,f,f,f,f,f,h
h,h,h,h,h,h,h,RCD,AXN,GFD,f,AXN,f,f,f,f,f,f,f,f,f,f,f,h
h,h,h,h,h,h,h,OCH,ATD,WNS,f,RCD,f,f,f,f,f,f,f,f,f,f,f,h
h,h,h,h,h,h,h,RCD,WNS,f,f,ATD,f,f,f,f,f,f,ProctorDining,f,f,f,f,h
h,h,h,h,h,h,h,h,ProctorDining,WNS,RCD,ATD,f,f,MNR,f,f,RCD,f,f,f,f,f,h
h,h,h,h,h,h,h,h,RCD,f,f,WNS,f,MBH,SDL,f,f,RCD,RCD,f,f,f,f,h
h,h,h,h,h,h,h,MBH,f,MCA,RCD,RCD,f,f,f,f,f,f,f,f,f,f,f,h
h,h,h,h,h,h,h,h,f,MBH,f,CHT,RCD,f,f,f,RCD,RCD,RCD,f,f,f,f,h
h,h,h,h,h,h,h,h,OCH,AXN,f,RCD,f,f,f,f,f,ProctorDining,f,f,f,f,f,h
h,h,h,h,h,h,h,h,MBH,f,f,ATD,f,f,WNS,f,ProctorDining,ProctorDining,f,f,f,f,f,h
h,h,h,h,h,h,h,h,HLD,WNS,f,AXN,f,f,AXN,f,f,f,f,f,f,f,f,h
h,h,h,h,h,h,h,ATD,WNS,f,f,ATD,ProctorDining,f,f,f,f,f,RCD,f,f,f,f,h
h,h,h,h,h,h,h,RCD,f,f,f,ProctorDining,ProctorDining,f,f,f,f,ProctorDining,ProctorDining,f,f,f,f,h
h,h,h,h,h,h,h,h,MBH,SDL,f,FIC,ATD,f,f,f,f,ProctorDining,ProctorDining,f,f,f,f,h
h,h,h,h,h,h,h,h,RCD,LIB,HLD,LIB,f,AXT,f,f,f,RCD,f,f,f,f,f,h
h,h,h,h,h,h,h,h,AXN,WNS,RCD,MNR,f,AXT,f,f,RCD,f,f,f,f,f,f,h
h,h,h,h,h,h,h,RCD,ProctorDining,f,MBH,WNS,f,AXN,AXN,f,f,RCD,f,f,f,f,f,h
h,h,h,h,h,h,h,h,f,MFH,f,f,ATD,MBH,MBH,f,ProctorDining,f,f,f,f,f,f,h
h,h,h,h,h,h,h,h,MBH,WNS,f,RCD,f,f,f,f,RCD,f,f,f,f,f,f,h
h,h,h,h,h,h,h,ProctorDining,CHT,WNS,f,ATD,f,f,f,f,f,f,f,f,f,f,f,h
h,h,h,h,h,h,h,ATD,f,f,f,OCH,ProctorDining,f,f,f,f,RCD,RCD,f,f,f,f,h
h,h,h,h,h,h,h,ProctorDining,ProctorDining,WNS,f,RCD,f,f,f,f,f,f,f,f,f,f,f,h
h,h,h,h,h,h,h,h,ProctorDining,f,f,ProctorDining,ProctorDining,f,f,f,f,RCD,f,f,f,f,f,h
h,h,h,h,h,h,h,h,f,f,f,ProctorDining,f,f,WNS,f,f,ProctorDining,ProctorDining,f,f,f,f,h
h,h,h,h,h,h,h,h,f,f,MBH,MBH,f,FIC,f,f,f,RCD,f,f,f,f,f,h
h,h,h,h,h,h,h,CHT,f,f,f,ATD,ProctorDining,f,MBH,f,f,f,f,f,f,f,f,h
h,h,h,h,h,h,h,h,MBH,CHT,f,RCD,f,f,f,f,f,RCD,RCD,f,f,f,f,h
h,h,h,h,h,h,h,RCD,AXN,WNS,CHT,ATD,f,f,f,f,f,f,f,f,f,f,f,h
h,h,h,h,h,h,h,h,f,WNS,f,CHT,f,f,AXT,f,f,f,RCD,f,f,f,f,h
h,h,h,h,h,h,h,h,f,f,MBH,WNS,ProctorDining,f,f,f,f,f,f,f,f,f,f,h
h,h,h,h,h,h,ATD,h,f,f,f,ATD,f,f,f,f,f,f,f,f,f,f,f,h
h,h,h,h,h,h,h,ProctorDining,CHT,f,MBH,AXN,ProctorDining,f,f,f,f,RCD,f,f,f,f,f,h
h,h,h,h,h,h,h,RCD,RCD,MBH,f,f,f,f,f,f,f,RCD,f,f,f,f,f,h
h,h,h,h,h,h,h,RCD,MBH,AXT,WNS,AXN,f,f,f,f,RCD,f,RCD,f,f,f,f,h
h,h,h,h,h,h,h,h,AXN,f,MBH,MNR,f,f,f,f,f,ProctorDining,RCD,f,f,f,f,h
h,h,h,h,h,h,h,h,f,MNR,f,RCD,f,f,f,f,f,RCD,f,f,f,f,f,h
h,h,h,h,h,h,h,h,f,f,JHN,RCD,f,f,f,f,f,RCD,f,f,f,f,f,h
h,h,h,h,h,h,h,h,ATD,WNS,f,f,f,MBH,f,f,f,ProctorDining,RCD,f,f,f,f,h
h,h,h,h,h,h,h,h,ATD,f,f,f,f,f,f,f,f,ProctorDining,f,f,f,f,f,h
h,h,h,h,h,h,h,h,FIC,MBH,MBH,MBH,f,f,f,f,f,f,f,f,f,f,f,h
h,h,h,h,h,h,h,RCD,MBH,f,f,MNR,ProctorDining,f,f,f,f,f,ProctorDining,f,f,f,f,h
h,h,h,h,h,h,h,h,f,MBH,MBH,MBH,f,f,f,f,f,f,f,f,f,f,f,h
h,h,h,h,h,h,h,h,f,MBH,WNS,RCD,f,f,MNR,f,f,f,f,f,f,f,f,h
h,h,h,h,h,h,RCD,ProctorDining,f,f,f,ATD,RCD,f,f,f,f,f,RCD,f,f,f,f,h
h,h,h,h,h,h,h,RCD,JHN,LIB,f,MBH,f,f,f,f,f,ProctorDining,f,f,f,f,f,h
h,h,h,h,h,h,h,h,RCD,f,RCD,ProctorDining,RCD,AXN,f,f,f,RCD,f,f,f,f,f,h
h,h,h,h,h,h,h,h,RCD,f,f,FIC,f,f,WNS,f,f,f,f,f,f,f,f,h
h,h,h,h,h,h,h,h,f,MBH,f,LIB,f,MBH,AXN,f,ProctorDining,f,f,f,f,f,f,h
h,h,h,h,h,h,h,RCD,f,MNR,MBH,ProctorDining,ProctorDining,f,f,f,f,f,f,f,f,f,f,h
h,h,h,h,h,h,h,h,ProctorDining,MBH,f,ATD,f,f,AXN,f,f,f,f,f,f,f,f,h
h,h,h,h,h,h,h,h,f,f,f,RCD,f,f,f,f,f,RCD,f,f,f,f,f,h
h,h,h,h,h,h,h,h,f,MCA,f,ProctorDining,ProctorDining,f,f,f,f,f,f,f,f,f,f,h
h,h,h,h,h,h,h,h,f,AXN,MBH,RCD,f,GFD,f,f,f,f,RCD,f,f,f,f,h
h,h,h,h,h,h,h,h,f,MCA,ATD,MBH,f,f,RCD,f,f,RCD,f,f,f,f,f,h
h,h,h,h,h,h,ATD,ProctorDining,RCD,CHT,WNS,ATD,f,f,f,f,f,ProctorDining,ProctorDining,f,f,f,f,h
h,h,h,h,h,h,h,MBH,CHT,f,f,ATD,f,f,f,f,f,f,f,f,f,f,f,h
h,h,h,h,h,h,h,RCD,RCD,f,f,MBH,f,MBH,AXT,f,f,f,ProctorDining,f,f,f,f,h
h,h,h,h,h,h,h,h,ATD,f,f,MCA,f,f,f,f,f,f,f,f,f,f,f,h
h,h,h,h,h,h,h,h,ProctorDining,CHT,ProctorDining,ProctorDining,f,f,MBH,f,f,f,f,f,f,f,f,h
h,h,h,h,h,h,h,h,MBH,WNS,f,WNS,f,f,f,f,f,ProctorDining,f,f,f,f,f,h
h,h,h,h,h,h,h,h,ATD,MBH,f,f,f,f,f,f,f,RCD,RCD,f,f,f,f,h
h,h,h,h,h,h,h,h,ATD,f,f,RCD,f,f,WNS,f,f,f,f,f,f,f,f,h
h,h,h,h,h,h,h,h,MBH,f,WNS,RCD,f,f,SDL,f,f,RCD,ProctorDining,f,f,f,f,h
h,h,h,h,h,h,h,h,CHT,MFH,f,RCD,f,f,f,f,f,f,RCD,f,f,f,f,h
h,h,h,h,h,h,h,ProctorDining,RCD,f,ATD,WNS,f,f,MCA,f,f,f,f,f,f,f,f,h
h,h,h,h,h,h,h,h,f,f,f,ProctorDining,f,f,f,f,f,RCD,f,f,f,f,f,h
h,h,h,h,h,h,h,h,f,WNS,ATD,WNS,f,f,f,f,f,RCD,f,f,f,f,f,h
h,h,h,h,h,h,h,h,f,f,f,HLD,ProctorDining,f,OCH,f,f,f,ProctorDining,f,f,f,f,h
h,h,h,h,h,h,h,h,f,f,f,LIB,RCD,f,AXN,f,f,f,f,f,f,f,f,h
h,h,h,h,h,h,h,h,MBH,f,MNR,ATD,f,f,f,f,f,ProctorDining,RCD,f,f,f,f,h
h,h,h,h,h,h,h,h,CHT,OCH,ProctorDining,ProctorDining,f,f,f,f,f,RCD,ProctorDining,f,f,f,f,h
h,h,h,h,h,h,h,h,WNS,HLD,f,RCD,ProctorDining,f,f,f,f,f,f,f,f,f,f,h
h,h,h,h,h,h,h,h,CHT,MBH,f,CHT,ATD,AXT,AXT,f,f,f,RCD,f,f,f,f,h
h,h,h,h,h,h,h,h,f,GFD,MBH,CHT,f,f,f,f,f,f,f,f,f,f,f,h
h,h,h,h,h,h,h,MBH,WNS,f,MBH,LIB,f,f,f,f,f,f,f,f,f,f,f,h
h,h,h,h,h,h,h,h,MNR,f,f,ATD,f,f,f,f,ProctorDining,f,f,f,f,f,f,h
h,h,h,h,h,h,h,h,CHT,GFD,WNS,HLD,RCD,f,f,f,f,f,f,f,f,f,f,h
h,h,h,h,h,h,h,h,MBH,f,RCD,RCD,ProctorDining,f,f,f,f,f,f,f,f,f,f,h
h,h,h,h,h,h,h,h,MBH,f,HLD,ProctorDining,f,f,AXT,f,f,f,f,f,f,f,f,h
h,h,h,h,h,h,h,h,f,WNS,MBH,f,RCD,MNR,MBH,f,f,RCD,f,f,f,f,f,h
h,h,h,h,h,h,h,MBH,MCA,f,ProctorDining,ProctorDining,ProctorDining,f,f,f,f,f,f,f,f,f,f,h
h,h,h,h,h,h,h,h,ProctorDining,WNS,RCD,ATD,ATD,f,f,f,f,RCD,f,f,f,f,f,h
h,h,h,h,h,h,h,h,ProctorDining,HLD,MBH,f,f,f,f,f,f,f,f,f,f,f,f,h
h,h,h,h,h,h,h,h,MFH,f,f,AXN,ProctorDining,f,f,f,f,f,f,f,f,f,f,h
h,h,h,h,h,h,h,h,FIC,MNR,f,ProctorDining,f,f,f,f,f,f,f,f,f,f,f,h
h,h,h,h,h,h,h,h,f,f,RCD,ProctorDining,f,f,f,f,f,f,f,f,f,f,f,h
h,h,h,h,h,h,h,h,f,WNS,f,RCD,f,f,f,f,f,ProctorDining,f,f,f,f,f,h
h,h,h,h,h,h,h,RCD,ProctorDining,f,ATD,ProctorDining,f,f,WNS,f,f,f,f,f,f,f,f,h
h,h,h,h,h,h,h,h,f,WNS,f,RCD,f,f,f,f,f,ProctorDining,ProctorDining,f,f,f,f,h
h,h,h,h,h,h,h,ATD,ATD,MBH,f,SDL,RCD,f,f,f,f,ProctorDining,f,f,f,f,f,h
h,h,h,h,h,h,h,h,LIB,f,FIC,HLD,f,f,f,f,f,f,f,f,f,f,f,h
h,h,h,h,h,h,h,h,ProctorDining,AXT,WNS,RCD,ATD,f,f,f,ProctorDining,ProctorDining,f,f,f,f,f,h
h,h,h,h,h,h,h,h,f,f,f,CHT,ProctorDining,f,f,f,f,f,RCD,f,f,f,f,h
h,h,h,h,h,h,h,ATD,ATD,WNS,f,AXT,f,f,f,f,f,ProctorDining,f,f,f,f,f,h
h,h,h,h,h,h,h,h,MBH,MCA,f,RCD,RCD,f,f,f,f,f,f,f,f,f,f,h
h,h,h,h,h,h,h,h,RCD,f,f,ProctorDining,f,f,f,f,f,ProctorDining,f,f,f,f,f,h
h,h,h,h,h,h,h,h,f,FIC,f,FIC,f,MNR,GFD,f,RCD,ProctorDining,f,f,f,f,f,h
h,h,h,h,h,h,h,WNS,MNR,WNS,f,ProctorDining,f,f,f,f,f,f,f,f,f,f,f,h
h,h,h,h,h,h,h,ATD,AXT,f,f,f,f,f,MBH,f,f,ProctorDining,f,f,f,f,f,h
h,h,h,h,h,h,h,ProctorDining,f,GFD,MNR,WNS,RCD,f,f,f,f,f,f,f,f,f,f,h
h,h,h,h,h,h,h,ATD,f,AXN,f,f,f,f,f,f,f,f,RCD,f,f,f,f,h
h,h,h,h,h,h,h,h,f,AXN,ATD,ProctorDining,f,f,f,f,f,f,f,f,f,f,f,h
h,h,h,h,h,h,h,h,f,f,f,f,f,f,AXN,f,f,f,f,f,f,f,f,h
h,h,h,h,h,h,h,h,WNS,f,f,f,ProctorDining,f,f,f,f,f,RCD,f,f,f,f,h
h,h,h,h,h,h,h,h,MBH,f,f,RCD,f,f,f,f,f,ProctorDining,RCD,f,f,f,f,h
h,h,h,h,h,h,h,h,MBH,f,FIC,AXN,ProctorDining,f,f,f,f,f,f,f,f,f,f,h
h,h,h,h,h,h,h,h,f,f,AXT,f,f,f,f,f,f,RCD,f,f,f,f,f,h
h,h,h,h,h,h,h,h,ProctorDining,MFH,MBH,f,f,f,f,f,f,RCD,ProctorDining,f,f,f,f,h
h,h,h,h,h,h,h,h,ATD,MNR,f,RCD,f,f,f,f,f,f,f,f,f,f,f,h
h,h,h,h,h,h,h,h,OCH,MBH,MBH,RCD,ProctorDining,f,AXN,f,f,RCD,f,f,f,f,f,h
h,h,h,h,h,h,h,WNS,f,f,f,ATD,f,f,f,f,f,f,f,f,f,f,f,h
h,h,h,h,h,h,h,h,f,AXN,f,MNR,f,f,f,f,f,ProctorDining,f,f,f,f,f,h
h,h,h,h,h,h,h,h,f,MCA,WNS,f,f,f,CHT,f,f,f,f,f,f,f,f,h
h,h,h,h,h,h,h,h,RCD,f,RCD,ProctorDining,f,f,f,f,f,f,f,f,f,f,f,h
h,h,h,h,h,h,h,h,MBH,f,f,ATD,RCD,f,f,f,f,RCD,f,f,f,f,f,h
h,h,h,h,h,h,h,h,f,AXN,f,WNS,ProctorDining,f,f,f,f,f,f,f,f,f,f,h
h,h,h,h,h,h,h,ATD,MBH,CHT,f,RCD,f,f,MCA,f,f,f,RCD,f,f,f,f,h
h,h,h,h,h,h,h,h,f,AXT,ATD,f,ProctorDining,f,SDL,f,f,RCD,f,f,f,f,f,h
h,h,h,h,h,h,h,OCH,f,f,f,CHT,f,f,SDL,f,f,RCD,f,f,f,f,f,h
h,h,h,h,h,h,h,h,f,f,WNS,RCD,ProctorDining,f,f,f,f,ProctorDining,f,f,f,f,f,h
h,h,h,h,h,h,h,h,f,MBH,MBH,RCD,f,f,f,f,f,RCD,f,f,f,f,f,h
h,h,h,h,h,h,h,ATD,f,f,ProctorDining,AXT,f,f,MNR,f,f,RCD,RCD,f,f,f,f,h
h,h,h,h,h,h,h,ProctorDining,AXN,f,f,ProctorDining,f,f,f,f,f,ProctorDining,f,f,f,f,f,h
h,h,h,h,h,h,h,ProctorDining,ProctorDining,WNS,f,ATD,f,f,f,f,f,RCD,f,f,f,f,f,h
h,h,h,h,h,h,h,RCD,f,MBH,f,ProctorDining,f,MNR,f,f,f,RCD,f,f,f,f,f,h
h,h,h,h,h,h,h,h,f,f,MBH,HLD,f,f,f,f,f,f,ProctorDining,f,f,f,f,h
h,h,h,h,h,h,h,WNS,AXT,f,RCD,RCD,f,f,f,f,f,f,f,f,f,f,f,h
h,h,h,h,h,h,h,h,RCD,f,f,RCD,f,FIC,MCA,f,f,f,f,f,f,f,f,h
h,h,h,h,h,h,h,h,WNS,FIC,f,OCH,f,f,f,f,f,ProctorDining,RCD,f,f,f,f,h
h,h,h,h,h,h,h,RCD,f,f,f,ProctorDining,f,f,f,f,f,ProctorDining,f,f,f,f,f,h
h,h,h,h,h,h,h,h,f,f,f,ProctorDining,f,AXT,f,f,RCD,RCD,f,f,f,f,f,h
h,h,h,h,h,h,h,RCD,ProctorDining,WNS,f,MCA,f,f,f,f,f,RCD,f,f,f,f,f,h
h,h,h,h,h,h,h,h,f,f,WNS,RCD,ProctorDining,f,OCH,f,f,RCD,RCD,f,f,f,f,h
h,h,h,h,h,h,h,h,f,MCA,WNS,RCD,RCD,f,f,f,f,ProctorDining,f,f,f,f,f,h
h,h,h,h,h,h,ATD,h,f,MBH,WNS,LIB,f,f,AXN,f,f,RCD,ProctorDining,f,f,f,f,h
h,h,h,h,h,h,h,ProctorDining,f,f,f,ProctorDining,f,MBH,f,f,f,f,f,f,f,f,f,h
h,h,h,h,h,h,h,h,MBH,f,RCD,ProctorDining,f,f,f,f,ProctorDining,f,f,f,f,f,f,h
h,h,h,h,h,h,ProctorDining,h,AXT,CHT,f,ATD,f,f,AXN,f,f,RCD,f,f,f,f,f,h
h,h,h,h,h,h,h,h,ATD,f,f,RCD,f,f,f,f,f,f,f,f,f,f,f,h
h,h,h,h,h,h,h,h,MBH,LIB,FIC,MNR,f,f,f,f,f,RCD,f,f,f,f,f,h
h,h,h,h,h,h,h,h,WNS,WNS,AXT,ATD,f,f,MNR,f,f,ProctorDining,f,f,f,f,f,h
h,h,h,h,h,h,h,h,f,f,f,RCD,ATD,f,MCA,f,f,f,f,f,f,f,f,h
h,h,h,h,h,h,h,h,WNS,f,f,f,ProctorDining,f,MCA,f,f,RCD,f,f,f,f,f,h
h,h,h,h,h,h,h,RCD,ProctorDining,FIC,RCD,ATD,f,f,f,f,f,RCD,RCD,f,f,f,f,h
h,h,h,h,h,h,h,ATD,f,MBH,f,ProctorDining,f,f,f,f,f,RCD,f,f,f,f,f,h
h,h,h,h,h,h,h,RCD,ATD,WNS,RCD,RCD,f,f,MBH,f,f,RCD,RCD,f,f,f,f,h
h,h,h,h,h,h,h,h,MBH,HLD,f,ProctorDining,f,f,f,f,f,f,f,f,f,f,f,h
h,h,h,h,h,h,h,RCD,MNR,f,MNR,ATD,f,f,f,f,f,RCD,f,f,f,f,f,h
h,h,h,h,h,h,RCD,RCD,RCD,f,f,ProctorDining,f,f,f,f,f,f,f,f,f,f,f,h
h,h,h,h,h,h,h,h,f,f,MBH,ProctorDining,f,f,f,f,RCD,RCD,f,f,f,f,f,h
h,h,h,h,h,h,h,h,WNS,f,ProctorDining,GFD,ProctorDining,f,AXN,f,f,f,f,f,f,f,f,h
h,h,h,h,h,h,h,h,AXT,AXN,ATD,ProctorDining,RCD,f,f,f,ProctorDining,f,f,f,f,f,f,h
h,h,h,h,h,h,h,h,CHT,f,WNS,ProctorDining,ProctorDining,f,f,f,f,f,RCD,f,f,f,f,h
h,h,h,h,h,h,h,WNS,f,f,f,OCH,f,f,f,f,f,RCD,ProctorDining,f,f,f,f,h
h,h,h,h,h,h,ProctorDining,AXN,MBH,MBH,f,f,ProctorDining,f,f,f,f,f,RCD,f,f,f,f,h
h,h,h,h,h,h,h,h,MBH,f,f,ProctorDining,RCD,f,f,f,f,ProctorDining,f,f,f,f,f,h
h,h,h,h,h,h,ProctorDining,ProctorDining,ProctorDining,f,WNS,ProctorDining,f,AXT,f,f,f,f,f,f,f,f,f,h
h,h,h,h,h,h,h,h,MBH,MCA,ATD,ATD,ProctorDining,MBH,MNR,f,ProctorDining,f,ProctorDining,f,f,f,f,h
h,h,h,h,h,h,h,RCD,ATD,f,JHN,RCD,ATD,f,f,f,f,f,f,f,f,f,f,h
h,h,h,h,h,h,h,h,f,AXN,f,WNS,f,f,MNR,f,f,f,f,f,f,f,f,h
h,h,h,h,h,h,h,h,MBH,AXT,f,AXN,f,f,f,f,RCD,f,f,f,f,f,f,h
h,h,h,h,h,h,h,h,GFD,MNR,ProctorDining,ProctorDining,f,f,f,f,f,f,f,f,f,f,f,h
h,h,h,h,h,h,h,MBH,f,f,ProctorDining,ATD,f,MBH,f,f,f,RCD,f,f,f,f,f,h
h,h,h,h,h,h,h,h,f,f,WNS,WNS,ProctorDining,f,f,f,f,f,ProctorDining,f,f,f,f,h
h,h,h,h,h,h,h,h,MCA,LIB,f,ProctorDining,f,f,WNS,f,f,f,f,f,f,f,f,h
h,h,h,h,h,h,h,h,CHT,f,f,MBH,f,f,MCA,f,f,f,f,f,f,f,f,h
h,h,h,h,h,h,h,MNR,CHT,MBH,ProctorDining,JHN,f,f,f,f,f,RCD,ProctorDining,f,f,f,f,h
h,h,h,h,h,h,h,h,f,f,f,WNS,f,f,f,f,f,f,RCD,f,f,f,f,h
h,h,h,h,h,h,h,ProctorDining,f,f,WNS,MCA,f,f,f,f,f,RCD,f,f,f,f,f,h
h,h,h,h,h,h,h,h,ATD,ATD,RCD,RCD,RCD,f,f,f,f,RCD,f,f,f,f,f,h
h,h,h,h,h,h,h,MBH,WNS,WNS,f,ProctorDining,f,f,WNS,f,f,f,RCD,f,f,f,f,h
h,h,h,h,h,h,h,h,f,f,f,f,f,f,f,f,f,RCD,f,f,f,f,f,h
h,h,h,h,h,h,h,h,ProctorDining,f,WNS,AXN,f,f,SDL,f,f,RCD,f,f,f,f,f,h
h,h,h,h,h,h,h,h,MBH,f,f,CHT,f,MBH,f,f,f,f,f,f,f,f,f,h
h,h,h,h,h,h,h,ProctorDining,MBH,LIB,f,f,ATD,MBH,f,f,f,ProctorDining,f,f,f,f,f,h
h,h,h,h,h,h,h,ProctorDining,ATD,f,MBH,f,f,f,MBH,f,f,f,f,f,f,f,f,h
h,h,h,h,h,h,h,h,f,f,MBH,CHT,f,f,f,f,f,f,RCD,f,f,f,f,h
h,h,h,h,h,h,h,h,WNS,f,ProctorDining,ProctorDining,ProctorDining,f,MBH,f,f,RCD,f,f,f,f,f,h
h,h,h,h,h,h,ProctorDining,h,MBH,MCA,MBH,f,f,f,f,f,f,f,f,f,f,f,f,h
h,h,h,h,h,h,h,ATD,f,GFD,ProctorDining,ATD,f,f,CHT,f,f,ProctorDining,ProctorDining,f,f,f,f,h
h,h,h,h,h,h,h,h,f,f,ATD,WNS,f,f,f,f,f,RCD,ProctorDining,f,f,f,f,h
h,h,h,h,h,h,h,h,f,MNR,f,HLD,ATD,f,HLD,f,f,RCD,f,f,f,f,f,h
h,h,h,h,h,h,RCD,h,f,f,f,RCD,f,f,MCA,f,f,f,f,f,f,f,f,h
h,h,h,h,h,h,h,RCD,f,f,f,ProctorDining,ProctorDining,f,f,f,f,RCD,f,f,f,f,f,h
h,h,h,h,h,h,h,h,RCD,f,ProctorDining,RCD,f,f,f,f,f,ProctorDining,f,f,f,f,f,h
h,h,h,h,h,h,h,WNS,ProctorDining,WNS,MBH,WNS,f,FIC,f,f,f,RCD,f,f,f,f,f,h
h,h,h,h,h,h,h,MBH,MBH,f,f,RCD,f,f,f,f,f,f,f,f,f,f,f,h
h,h,h,h,h,h,h,ProctorDining,f,f,f,ProctorDining,f,f,MBH,f,f,f,ProctorDining,f,f,f,f,h
h,h,h,h,h,h,h,AXN,ProctorDining,f,MBH,ProctorDining,f,f,f,f,f,ProctorDining,RCD,f,f,f,f,h
h,h,h,h,h,h,h,h,f,f,ATD,ATD,ProctorDining,f,AXN,f,f,RCD,RCD,f,f,f,f,h
h,h,h,h,h,h,h,MNR,WNS,f,f,FIC,f,f,f,f,f,f,f,f,f,f,f,h
h,h,h,h,h,h,h,ATD,WNS,f,f,AXN,f,f,f,f,f,RCD,RCD,f,f,f,f,h
h,h,h,h,h,h,h,h,RCD,MBH,f,AXN,f,f,MBH,f,f,ProctorDining,RCD,f,f,f,f,h
h,h,h,h,h,h,h,ATD,RCD,f,ProctorDining,AXN,ATD,f,AXN,f,f,f,f,f,f,f,f,h
h,h,h,h,h,h,h,WNS,f,f,RCD,RCD,f,f,f,f,f,ProctorDining,f,f,f,f,f,h
h,h,h,h,h,h,h,h,f,AXN,f,ATD,f,f,f,f,f,RCD,f,f,f,f,f,h
h,h,h,h,h,h,h,h,ATD,WNS,MBH,ProctorDining,f,f,f,f,f,f,ProctorDining,f,f,f,f,h
h,h,h,h,h,h,h,h,MBH,MBH,AXN,ProctorDining,f,f,f,f,f,RCD,f,f,f,f,f,h
h,h,h,h,h,h,h,ProctorDining,f,MBH,MBH,ATD,f,f,f,f,f,f,RCD,f,f,f,f,h
h,h,h,h,h,h,ProctorDining,h,AXN,WNS,f,ProctorDining,f,MBH,f,f,f,f,f,f,f,f,f,h
h,h,h,h,h,h,h,h,AXN,f,f,MBH,f,f,MBH,f,RCD,f,f,f,f,f,f,h
h,h,h,h,h,h,h,h,MCA,f,f,ATD,ProctorDining,f,f,f,f,f,RCD,f,f,f,f,h
h,h,h,h,h,h,h,ProctorDining,ATD,f,f,RCD,RCD,f,OCH,f,f,f,f,f,f,f,f,h
h,h,h,h,h,h,h,h,AXN,MBH,WNS,RCD,f,AXN,MBH,f,f,f,ProctorDining,f,f,f,f,h
h,h,h,h,h,h,h,h,CHT,f,WNS,ProctorDining,f,f,f,f,f,ProctorDining,ProctorDining,f,f,f,f,h
h,h,h,h,h,h,h,h,f,HLD,f,MBH,RCD,AXT,f,f,f,ProctorDining,f,f,f,f,f,h
h,h,h,h,h,h,h,h,RCD,ATD,WNS,ProctorDining,f,f,f,f,f,ProctorDining,f,f,f,f,f,h
h,h,h,h,h,h,h,MBH,MBH,f,f,AXN,ATD,f,f,f,f,f,f,f,f,f,f,h
h,h,h,h,h,h,h,h,f,f,f,WNS,f,f,f,f,f,RCD,f,f,f,f,f,h
h,h,h,h,h,h,h,ProctorDining,f,CHT,f,ProctorDining,f,f,MBH,f,f,f,RCD,f,f,f,f,h
h,h,h,h,h,h,h,h,f,AXN,WNS,RCD,ATD,f,f,f,f,f,f,f,f,f,f,h
h,h,h,h,h,h,h,h,MNR,MNR,f,RCD,ProctorDining,f,AXN,f,f,f,f,f,f,f,f,h
h,h,h,h,h,h,h,h,HLD,f,MBH,FIC,ProctorDining,f,AXT,f,f,RCD,ProctorDining,f,f,f,f,h
h,h,h,h,h,h,h,h,f,MBH,MBH,ProctorDining,f,f,f,f,f,f,ProctorDining,f,f,f,f,h
h,h,h,h,h,h,h,AXN,f,AXN,f,ATD,f,f,f,f,f,RCD,f,f,f,f,f,h
h,h,h,h,h,h,h,h,f,f,f,ATD,ATD,f,f,f,f,ProctorDining,RCD,f,f,f,f,h
h,h,h,h,h,h,h,ATD,f,f,MBH,RCD,f,f,MBH,f,f,f,f,f,f,f,f,h
h,h,h,h,h,h,h,h,f,ATD,MBH,AXT,f,f,f,f,f,f,RCD,f,f,f,f,h
h,h,h,h,h,h,h,h,LIB,f,ATD,f,f,f,AXN,f,RCD,f,RCD,f,f,f,f,h
h,h,h,h,h,h,h,MBH,f,f,MBH,WNS,f,f,f,f,f,f,f,f,f,f,f,h
h,h,h,h,h,h,h,h,f,f,f,f,f,f,HLD,f,f,ProctorDining,f,f,f,f,f,h
h,h,h,h,h,h,h,CHT,RCD,f,WNS,RCD,f,f,f,f,f,f,f,f,f,f,f,h
h,h,h,h,h,h,h,h,ProctorDining,f,f,MNR,f,f,f,f,f,f,f,f,f,f,f,h
h,h,h,h,h,h,h,RCD,f,f,f,RCD,f,f,f,f,f,f,f,f,f,f,f,h
h,h,h,h,h,h,h,h,ATD,SDL,f,RCD,f,f,f,f,f,RCD,ProctorDining,f,f,f,f,h
h,h,h,h,h,h,h,h,f,AXT,MNR,ATD,f,f,f,f,f,f,f,f,f,f,f,h
h,h,h,h,h,h,h,ProctorDining,f,f,ProctorDining,ATD,ProctorDining,f,f,f,f,ProctorDining,f,f,f,f,f,h
h,h,h,h,h,h,h,RCD,f,CHT,f,AXT,ProctorDining,f,f,f,f,f,f,f,f,f,f,h
h,h,h,h,h,h,h,h,f,OCH,RCD,ProctorDining,f,f,f,f,f,f,f,f,f,f,f,h
h,h,h,h,h,h,h,h,MBH,f,MBH,f,f,f,AXN,f,f,f,f,f,f,f,f,h
h,h,h,h,h,h,h,h,f,AXN,f,ATD,f,f,f,f,f,f,ProctorDining,f,f,f,f,h
h,h,h,h,h,h,h,h,WNS,f,f,RCD,RCD,f,f,f,RCD,f,f,f,f,f,f,h
h,h,h,h,h,h,h,MBH,MBH,f,f,f,f,f,f,f,f,ProctorDining,f,f,f,f,f,h
h,h,h,h,h,h,h,RCD,MBH,f,HLD,ProctorDining,f,f,f,f,f,RCD,f,f,f,f,f,h
h,h,h,h,h,h,h,MBH,FIC,f,RCD,AXT,f,f,f,f,f,RCD,f,f,f,f,f,h
h,h,h,h,h,h,h,h,ATD,MBH,f,RCD,f,f,f,f,f,ProctorDining,f,f,f,f,f,h
h,h,h,h,h,h,h,h,f,MBH,f,RCD,f,f,f,f,f,f,f,f,f,f,f,h
h,h,h,h,h,h,h,h,ProctorDining,f,f,RCD,f,f,f,f,f,f,RCD,f,f,f,f,h
h,h,h,h,h,h,ATD,RCD,ATD,AXN,CHT,CHT,f,MBH,f,f,f,f,ProctorDining,f,f,f,f,h
h,h,h,h,h,h,h,h,AXT,OCH,MNR,f,f,f,f,f,f,f,ProctorDining,f,f,f,f,h
h,h,h,h,h,h,h,h,RCD,f,f,AXN,ProctorDining,AXT,f,f,f,ProctorDining,f,f,f,f,f,h
h,h,h,h,h,h,h,h,AXT,WNS,f,ATD,f,f,f,f,f,f,f,f,f,f,f,h
h,h,h,h,h,h,h,h,ATD,f,f,ProctorDining,f,f,WNS,f,f,f,RCD,f,f,f,f,h
h,h,h,h,h,h,h,h,RCD,f,RCD,ATD,ProctorDining,f,f,f,f,f,ProctorDining,f,f,f,f,h
h,h,h,h,h,h,h,RCD,MBH,MBH,f,RCD,f,f,f,f,f,f,f,f,f,f,f,h
h,h,h,h,h,h,h,h,MBH,f,f,f,f,f,f,f,f,RCD,RCD,f,f,f,f,h
h,h,h,h,h,h,ProctorDining,ProctorDining,AXN,MBH,WNS,ATD,ATD,f,f,f,f,f,f,f,f,f,f,h
h,h,h,h,h,h,h,h,ProctorDining,f,ProctorDining,AXT,ProctorDining,f,AXN,f,f,f,f,f,f,f,f,h
h,h,h,h,h,h,h,h,HLD,CHT,f,RCD,f,AXN,f,f,f,f,f,f,f,f,f,h
h,h,h,h,h,h,ProctorDining,RCD,f,f,f,MBH,RCD,f,f,f,f,RCD,f,f,f,f,f,h
h,h,h,h,h,h,h,ProctorDining,RCD,f,f,ProctorDining,f,f,WNS,f,f,RCD,f,f,f,f,f,h
h,h,h,h,h,h,h,h,f,f,f,ProctorDining,f,f,f,f,ProctorDining,f,RCD,f,f,f,f,h
h,h,h,h,h,h,h,h,WNS,AXN,MBH,ATD,RCD,MBH,f,f,RCD,ProctorDining,RCD,f,f,f,f,h
h,h,h,h,h,h,h,OCH,MBH,AXN,ProctorDining,f,RCD,f,f,f,f,f,f,f,f,f,f,h
h,h,h,h,h,h,h,h,f,f,MNR,WNS,ProctorDining,MNR,f,f,f,f,f,f,f,f,f,h
h,h,h,h,h,h,h,h,f,CHT,ATD,AXN,f,f,AXN,f,f,f,f,f,f,f,f,h
h,h,h,h,h,h,h,h,f,MBH,MBH,MBH,f,f,f,f,f,f,f,f,f,f,f,h
h,h,h,h,h,h,h,h,f,HLD,ATD,ProctorDining,f,f,WNS,f,f,f,f,f,f,f,f,h
h,h,h,h,h,h,h,h,GFD,f,MBH,ProctorDining,RCD,f,f,f,f,RCD,f,f,f,f,f,h
h,h,h,h,h,h,h,ATD,ProctorDining,f,f,RCD,f,f,f,f,f,f,RCD,f,f,f,f,h
h,h,h,h,h,h,h,h,ATD,f,ProctorDining,WNS,f,f,f,f,f,f,f,f,f,f,f,h
h,h,h,h,h,h,h,h,f,WNS,MBH,AXT,f,f,f,f,f,RCD,RCD,f,f,f,f,h
h,h,h,h,h,h,h,h,f,f,f,ATD,f,f,f,f,f,RCD,f,f,f,f,f,h
h,h,h,h,h,h,ProctorDining,ATD,ProctorDining,f,f,AXN,ATD,f,MBH,f,f,f,f,f,f,f,f,h
h,h,h,h,h,h,h,WNS,ProctorDining,f,ATD,OCH,f,f,f,f,f,RCD,f,f,f,f,f,h
h,h,h,h,h,h,h,h,f,WNS,RCD,ProctorDining,RCD,f,f,f,f,f,RCD,f,f,f,f,h
h,h,h,h,h,h,h,ATD,ATD,f,f,RCD,RCD,f,f,f,f,f,f,f,f,f,f,h
h,h,h,h,h,h,h,h,MCA,WNS,WNS,f,f,f,f,f,f,ProctorDining,RCD,f,f,f,f,h
h,h,h,h,h,h,h,h,WNS,f,f,ATD,f,GFD,f,f,f,f,f,f,f,f,f,h
h,h,h,h,h,h,h,h,f,MBH,f,RCD,f,f,f,f,f,f,f,f,f,f,f,h
h,h,h,h,h,h,h,h,AXN,f,f,ATD,f,f,CHT,f,f,RCD,ProctorDining,f,f,f,f,h
h,h,h,h,h,h,h,ATD,f,CHT,RCD,f,f,f,f,f,f,RCD,ProctorDining,f,f,f,f,h
h,h,h,h,h,h,h,h,RCD,f,f,ProctorDining,RCD,MBH,f,f,f,f,RCD,f,f,f,f,h
h,h,h,h,h,h,ATD,RCD,f,f,MBH,RCD,f,f,f,f,ProctorDining,ProctorDining,RCD,f,f,f,f,h
h,h,h,h,h,h,h,h,f,f,ATD,ATD,f,f,f,f,f,f,f,f,f,f,f,h
h,h,h,h,h,h,h,h,f,f,WNS,RCD,f,AXN,f,f,f,f,ProctorDining,f,f,f,f,h
h,h,h,h,h,h,h,h,ProctorDining,f,f,ProctorDining,f,f,AXN,f,f,ProctorDining,f,f,f,f,f,h
h,h,h,h,h,h,h,h,MBH,f,f,RCD,f,f,f,f,f,RCD,RCD,f,f,f,f,h
h,h,h,h,h,h,h,h,AXT,SDL,MBH,MNR,f,f,f,f,RCD,ProctorDining,ProctorDining,f,f,f,f,h
h,h,h,h,h,h,h,h,AXT,f,ProctorDining,ATD,ProctorDining,f,f,f,f,RCD,ProctorDining,f,f,f,f,h
h,h,h,h,h,h,h,h,ATD,f,MBH,ATD,f,f,f,f,f,f,f,f,f,f,f,h
h,h,h,h,h,h,h,h,ProctorDining,MBH,WNS,MBH,f,f,f,f,f,f,RCD,f,f,f,f,h
h,h,h,h,h,h,h,h,ProctorDining,f,f,WNS,f,f,MCA,f,f,RCD,f,f,f,f,f,h
h,h,h,h,h,h,h,h,AXT,MCA,AXT,AXN,ProctorDining,f,WNS,f,RCD,f,f,f,f,f,f,h
h,h,h,h,h,h,h,h,f,f,HLD,RCD,RCD,f,f,f,f,f,f,f,f,f,f,h
h,h,h,h,h,h,ATD,h,WNS,f,ATD,RCD,ProctorDining,f,f,f,f,f,f,f,f,f,f,h
h,h,h,h,h,h,h,h,f,f,f,ProctorDining,f,f,f,f,f,f,f,f,f,f,f,h
h,h,h,h,h,h,h,h,f,f,f,f,f,MBH,WNS,f,f,f,f,f,f,f,f,h
h,h,h,h,h,h,h,h,LIB,f,f,ProctorDining,f,f,f,f,f,RCD,f,f,f,f,f,h
h,h,h,h,h,h,h,MBH,MBH,f,f,AXN,f,f,f,f,f,f,f,f,f,f,f,h
h,h,h,h,h,h,h,h,ATD,f,f,AXN,ProctorDining,f,f,f,f,RCD,ProctorDining,f,f,f,f,h
h,h,h,h,h,h,h,MBH,ATD,AXN,RCD,f,f,f,f,f,f,f,RCD,f,f,f,f,h
h,h,h,h,h,h,h,h,ProctorDining,WNS,f,AXN,f,f,f,f,RCD,RCD,f,f,f,f,f,h
h,h,h,h,h,h,h,h,GFD,MBH,ATD,ProctorDining,f,f,f,f,f,f,RCD,f,f,f,f,h
h,h,h,h,h,h,h,MBH,WNS,f,f,LIB,f,f,f,f,f,RCD,f,f,f,f,f,h
h,h,h,h,h,h,h,h,RCD,f,RCD,ProctorDining,ProctorDining,f,f,f,f,f,f,f,f,f,f,h
h,h,h,h,h,h,h,ATD,CHT,f,RCD,ProctorDining,f,f,f,f,f,f,ProctorDining,f,f,f,f,h
h,h,h,h,h,h,h,ProctorDining,AXT,CHT,ATD,MNR,RCD,f,f,f,f,ProctorDining,ProctorDining,f,f,f,f,h
h,h,h,h,h,h,h,h,f,f,AXN,JHN,f,f,f,f,f,RCD,f,f,f,f,f,h
h,h,h,h,h,h,h,h,FIC,f,f,ATD,ProctorDining,f,f,f,f,ProctorDining,f,f,f,f,f,h
h,h,h,h,h,h,h,h,ATD,MNR,ATD,RCD,f,WNS,f,f,f,ProctorDining,f,f,f,f,f,h
h,h,h,h,h,h,h,h,MBH,MBH,f,LIB,RCD,f,f,f,f,f,f,f,f,f,f,h
h,h,h,h,h,h,h,RCD,f,SDL,MBH,FIC,f,AXT,f,f,f,RCD,ProctorDining,f,f,f,f,h
h,h,h,h,h,h,h,h,f,CHT,f,RCD,f,f,f,f,f,f,f,f,f,f,f,h
h,h,h,h,h,h,h,h,f,f,ProctorDining,MNR,f,f,f,f,f,f,f,f,f,f,f,h
h,h,h,h,h,h,h,h,f,f,LIB,AXN,f,f,f,f,f,f,f,f,f,f,f,h
h,h,h,h,h,h,h,RCD,AXN,f,f,ProctorDining,f,f,f,f,f,RCD,ProctorDining,f,f,f,f,h
h,h,h,h,h,h,h,ProctorDining,f,f,ATD,ProctorDining,f,f,AXN,f,f,ProctorDining,f,f,f,f,f,h
h,h,h,h,h,h,ATD,RCD,ProctorDining,FIC,ATD,WNS,ProctorDining,f,f,f,f,f,ProctorDining,f,f,f,f,h
h,h,h,h,h,h,RCD,RCD,AXN,MBH,MBH,f,f,f,f,f,f,f,ProctorDining,f,f,f,f,h
h,h,h,h,h,h,h,RCD,ProctorDining,f,ProctorDining,MNR,f,MBH,f,f,f,f,f,f,f,f,f,h
h,h,h,h,h,h,h,WNS,MBH,f,RCD,f,f,f,f,f,f,f,f,f,f,f,f,h
h,h,h,h,h,h,h,h,FIC,WNS,f,LIB,ProctorDining,f,MNR,f,f,f,ProctorDining,f,f,f,f,h
h,h,h,h,h,h,h,h,f,f,f,RCD,f,f,f,f,f,RCD,f,f,f,f,f,h
h,h,h,h,h,h,h,ProctorDining,HLD,WNS,MBH,MCA,f,f,MBH,f,f,ProctorDining,RCD,f,f,f,f,h
h,h,h,h,h,h,h,ATD,MBH,AXN,MBH,AXN,f,f,f,f,f,f,RCD,f,f,f,f,h
h,h,h,h,h,h,h,h,MNR,f,f,ProctorDining,f,f,f,f,f,f,f,f,f,f,f,h
h,h,h,h,h,h,h,ATD,ATD,MBH,MBH,ATD,f,f,CHT,f,f,RCD,RCD,f,f,f,f,h
h,h,h,h,h,h,h,RCD,f,MBH,f,MNR,f,f,GFD,f,f,f,f,f,f,f,f,h
h,h,h,h,h,h,h,h,f,f,f,CHT,f,f,f,f,f,f,f,f,f,f,f,h
h,h,h,h,h,h,h,h,f,f,MBH,f,f,f,f,f,f,ProctorDining,ProctorDining,f,f,f,f,h
h,h,h,h,h,h,h,ATD,RCD,WNS,ProctorDining,ATD,f,f,MBH,f,f,RCD,RCD,f,f,f,f,h
h,h,h,h,h,h,h,RCD,RCD,f,MBH,f,f,f,f,f,f,f,RCD,f,f,f,f,h
h,h,h,h,h,h,h,RCD,WNS,f,HLD,ProctorDining,f,f,f,f,f,ProctorDining,f,f,f,f,f,h
h,h,h,h,h,h,h,h,f,f,f,RCD,ProctorDining,AXN,f,f,f,ProctorDining,RCD,f,f,f,f,h
h,h,h,h,h,h,h,h,f,f,f,AXN,f,f,f,f,f,RCD,RCD,f,f,f,f,h
h,h,h,h,h,h,h,h,ProctorDining,f,f,WNS,f,f,f,f,f,f,f,f,f,f,f,h
h,h,h,h,h,h,h,ATD,ProctorDining,f,WNS,f,ProctorDining,f,f,f,f,RCD,f,f,f,f,f,h
h,h,h,h,h,h,h,h,MBH,f,RCD,ATD,f,MBH,AXN,f,f,RCD,f,f,f,f,f,h
h,h,h,h,h,h,h,RCD,MBH,WNS,f,ATD,f,f,f,f,RCD,RCD,f,f,f,f,f,h
h,h,h,h,h,h,h,h,MBH,f,f,ATD,f,f,f,f,f,f,f,f,f,f,f,h
h,h,h,h,h,h,h,OCH,WNS,f,f,RCD,f,f,f,f,RCD,ProctorDining,ProctorDining,f,f,f,f,h
h,h,h,h,h,h,h,RCD,WNS,f,RCD,RCD,f,f,f,f,ProctorDining,ProctorDining,f,f,f,f,f,h
h,h,h,h,h,h,h,h,HLD,MBH,f,ProctorDining,f,f,AXT,f,RCD,f,f,f,f,f,f,h
h,h,h,h,h,h,RCD,ATD,f,f,JHN,ProctorDining,f,f,f,f,f,ProctorDining,f,f,f,f,f,h
h,h,h,h,h,h,h,MBH,f,ATD,RCD,ProctorDining,f,f,MNR,f,f,ProctorDining,ProctorDining,f,f,f,f,h
h,h,h,h,h,h,h,h,f,MBH,ATD,WNS,ProctorDining,AXN,SDL,f,f,RCD,f,f,f,f,f,h
h,h,h,h,h,h,h,MBH,f,f,WNS,ATD,f,f,f,f,f,f,ProctorDining,f,f,f,f,h
h,h,h,h,h,h,h,ProctorDining,MBH,f,AXN,AXT,f,f,f,f,f,f,f,f,f,f,f,h
h,h,h,h,h,h,h,h,WNS,WNS,WNS,ProctorDining,ProctorDining,f,AXN,f,f,f,ProctorDining,f,f,f,f,h
h,h,h,h,h,h,h,ProctorDining,ProctorDining,f,f,ATD,ProctorDining,f,MNR,f,f,RCD,f,f,f,f,f,h
h,h,h,h,h,h,h,h,MBH,f,ATD,WNS,f,f,f,f,f,f,f,f,f,f,f,h
h,h,h,h,h,h,h,MNR,ProctorDining,f,f,MNR,f,f,f,f,f,f,f,f,f,f,f,h
h,h,h,h,h,h,h,h,ProctorDining,MCA,MBH,CHT,f,f,f,f,f,ProctorDining,f,f,f,f,f,h
h,h,h,h,h,h,h,h,f,f,f,f,f,f,MCA,f,f,RCD,ProctorDining,f,f,f,f,h
h,h,h,h,h,h,h,h,f,f,f,RCD,f,f,AXT,f,f,f,RCD,f,f,f,f,h
h,h,h,h,h,h,h,RCD,RCD,f,f,CHT,f,f,f,f,f,f,ProctorDining,f,f,f,f,h
h,h,h,h,h,h,h,h,f,f,f,ProctorDining,f,f,f,f,f,f,f,f,f,f,f,h
h,h,h,h,h,h,h,h,RCD,f,MNR,RCD,ProctorDining,f,f,f,f,f,f,f,f,f,f,h
h,h,h,h,h,h,h,h,JHN,f,f,LIB,RCD,f,RCD,f,f,f,f,f,f,f,f,h
h,h,h,h,h,h,h,MBH,f,MNR,RCD,MBH,f,f,MCA,f,f,f,f,f,f,f,f,h
h,h,h,h,h,h,h,h,ATD,f,MNR,ProctorDining,ATD,f,f,f,f,f,f,f,f,f,f,h
h,h,h,h,h,h,h,h,f,MBH,f,ProctorDining,f,f,f,f,f,f,RCD,f,f,f,f,h
h,h,h,h,h,h,h,MBH,f,GFD,ProctorDining,AXN,ProctorDining,f,AXN,f,f,ProctorDining,f,f,f,f,f,h
h,h,h,h,h,h,h,h,MNR,f,ATD,ATD,ProctorDining,f,f,f,f,ProctorDining,RCD,f,f,f,f,h
h,h,h,h,h,h,h,h,f,LIB,RCD,FIC,ProctorDining,f,MCA,f,f,f,RCD,f,f,f,f,h
h,h,h,h,h,h,h,RCD,f,f,f,RCD,ProctorDining,f,AXT,f,f,ProctorDining,f,f,f,f,f,h
h,h,h,h,h,h,h,h,f,AXN,CHT,ProctorDining,ProctorDining,f,f,f,f,RCD,f,f,f,f,f,h
h,h,h,h,h,h,h,h,ATD,HLD,f,RCD,f,f,f,f,f,ProctorDining,RCD,f,f,f,f,h
h,h,h,h,h,h,h,h,ProctorDining,f,AXN,RCD,ProctorDining,f,f,f,f,f,ProctorDining,f,f,f,f,h
h,h,h,h,h,h,h,h,MBH,f,f,ATD,f,f,f,f,f,f,RCD,f,f,f,f,h
h,h,h,h,h,h,h,h,f,f,f,ATD,f,f,MBH,f,f,f,f,f,f,f,f,h
h,h,h,h,h,h,h,CHT,f,f,f,f,f,f,f,f,f,RCD,ProctorDining,f,f,f,f,h
h,h,h,h,h,h,h,MFH,f,f,LIB,ProctorDining,f,f,AXT,f,ProctorDining,ProctorDining,f,f,f,f,f,h
h,h,h,h,h,h,h,h,ProctorDining,f,RCD,ATD,ATD,AXT,f,f,f,f,f,f,f,f,f,h
h,h,h,h,h,h,h,ProctorDining,GFD,f,f,ProctorDining,ProctorDining,f,f,f,f,f,f,f,f,f,f,h
h,h,h,h,h,h,h,CHT,JHN,f,RCD,WNS,ProctorDining,f,f,f,f,ProctorDining,f,f,f,f,f,h
h,h,h,h,h,h,h,ProctorDining,FIC,f,MBH,LIB,f,f,AXN,f,f,f,f,f,f,f,f,h
h,h,h,h,h,h,h,RCD,AXT,f,WNS,WNS,ProctorDining,f,f,f,f,f,f,f,f,f,f,h
h,h,h,h,h,h,ProctorDining,h,f,MBH,f,f,ProctorDining,f,f,f,f,RCD,f,f,f,f,f,h
h,h,h,h,h,h,h,h,f,GFD,f,ProctorDining,f,f,MBH,f,f,f,f,f,f,f,f,h
h,h,h,h,h,h,h,h,f,f,f,FIC,f,f,f,f,f,f,ProctorDining,f,f,f,f,h
h,h,h,h,h,h,h,RCD,ProctorDining,WNS,f,AXT,f,f,CHT,f,f,f,RCD,f,f,f,f,h
h,h,h,h,h,h,h,h,CHT,f,f,RCD,f,f,f,f,f,ProctorDining,ProctorDining,f,f,f,f,h
h,h,h,h,h,h,h,ATD,ProctorDining,AXT,MBH,LIB,f,f,f,f,f,f,ProctorDining,f,f,f,f,h
h,h,h,h,h,h,h,ProctorDining,MBH,f,ATD,ProctorDining,f,f,f,f,f,RCD,ProctorDining,f,f,f,f,h
h,h,h,h,h,h,h,RCD,ProctorDining,f,f,RCD,f,f,MCA,f,f,f,ProctorDining,f,f,f,f,h
h,h,h,h,h,h,h,RCD,WNS,f,MNR,f,RCD,MNR,f,f,f,RCD,RCD,f,f,f,f,h
h,h,h,h,h,h,h,h,MBH,f,ATD,f,f,f,f,f,f,f,ProctorDining,f,f,f,f,h
h,h,h,h,h,h,h,ATD,MBH,f,AXN,f,f,f,f,f,f,RCD,f,f,f,f,f,h
h,h,h,h,h,h,h,h,MBH,f,MBH,WNS,RCD,f,f,f,f,ProctorDining,f,f,f,f,f,h
h,h,h,h,h,h,h,h,ProctorDining,MBH,f,RCD,f,f,f,f,f,RCD,f,f,f,f,f,h
h,h,h,h,h,h,h,h,ProctorDining,f,MBH,FIC,ProctorDining,f,AXT,f,f,f,f,f,f,f,f,h
h,h,h,h,h,h,h,ATD,f,AXN,ProctorDining,f,f,f,AXN,f,f,ProctorDining,f,f,f,f,f,h
h,h,h,h,h,h,h,h,f,FIC,WNS,f,ProctorDining,f,f,f,f,f,RCD,f,f,f,f,h
h,h,h,h,h,h,h,MBH,f,WNS,f,f,f,f,MNR,f,f,RCD,RCD,f,f,f,f,h
h,h,h,h,h,h,h,h,f,f,RCD,FIC,f,f,SDL,f,f,ProctorDining,f,f,f,f,f,h
h,h,h,h,h,h,h,h,MBH,f,f,ProctorDining,ATD,f,AXN,f,f,RCD,ProctorDining,f,f,f,f,h
h,h,h,h,h,h,h,h,ATD,f,WNS,ATD,ATD,f,f,f,f,f,f,f,f,f,f,h
h,h,h,h,h,h,h,h,WNS,f,f,RCD,ProctorDining,f,f,f,ProctorDining,f,RCD,f,f,f,f,h
h,h,h,h,h,h,h,ATD,LIB,MBH,ATD,RCD,ATD,f,f,f,f,f,ProctorDining,f,f,f,f,h
h,h,h,h,h,h,h,ATD,AXN,f,RCD,RCD,ATD,f,f,f,f,RCD,f,f,f,f,f,h
h,h,h,h,h,h,h,RCD,MBH,f,FIC,f,f,f,f,f,f,f,f,f,f,f,f,h
h,h,h,h,h,h,h,ProctorDining,MBH,f,f,RCD,f,f,f,f,f,ProctorDining,f,f,f,f,f,h
h,h,h,h,h,h,h,h,f,f,ATD,ATD,f,f,WNS,f,ProctorDining,f,f,f,f,f,f,h
h,h,h,h,h,h,h,h,f,f,f,RCD,ATD,f,f,f,f,f,f,f,f,f,f,h
h,h,h,h,h,h,h,h,MBH,MBH,ProctorDining,ProctorDining,f,f,MCA,f,f,ProctorDining,f,f,f,f,f,h
h,h,h,h,h,h,h,ProctorDining,ProctorDining,MBH,MCA,f,RCD,f,MCA,f,f,f,ProctorDining,f,f,f,f,h
h,h,h,h,h,h,h,RCD,AXT,f,CHT,MNR,ProctorDining,f,f,f,f,f,RCD,f,f,f,f,h
h,h,h,h,h,h,h,ProctorDining,f,AXN,f,CHT,f,f,f,f,f,RCD,f,f,f,f,f,h
h,h,h,h,h,h,h,ATD,f,OCH,f,f,ProctorDining,AXN,f,f,f,ProctorDining,f,f,f,f,f,h
h,h,h,h,h,h,h,h,f,AXN,f,LIB,f,f,f,f,f,f,RCD,f,f,f,f,h
h,h,h,h,h,h,h,AXN,WNS,LIB,WNS,MBH,f,f,f,f,f,f,RCD,f,f,f,f,h
h,h,h,h,h,h,h,RCD,RCD,f,CHT,AXT,f,f,f,f,f,f,RCD,f,f,f,f,h
h,h,h,h,h,h,h,h,WNS,f,WNS,LIB,f,f,f,f,f,f,f,f,f,f,f,h
h,h,h,h,h,h,h,RCD,ProctorDining,f,f,ProctorDining,f,f,f,f,f,f,ProctorDining,f,f,f,f,h
h,h,h,h,h,h,h,h,RCD,f,WNS,WNS,f,f,f,f,f,f,f,f,f,f,f,h
h,h,h,h,h,h,RCD,ATD,ProctorDining,AXN,WNS,WNS,f,f,f,f,f,RCD,f,f,f,f,f,h
h,h,h,h,h,h,h,h,ProctorDining,f,f,ProctorDining,f,f,f,f,f,RCD,f,f,f,f,f,h
h,h,h,h,h,h,ATD,MNR,f,f,f,ProctorDining,ProctorDining,f,f,f,f,RCD,f,f,f,f,f,h
h,h,h,h,h,h,h,RCD,AXT,MBH,f,f,f,MNR,MBH,f,RCD,f,f,f,f,f,f,h
h,h,h,h,h,h,h,RCD,MBH,WNS,RCD,RCD,RCD,f,f,f,f,f,f,f,f,f,f,h
h,h,h,h,h,h,h,ProctorDining,ATD,MBH,f,ProctorDining,f,f,f,f,f,f,f,f,f,f,f,h
h,h,h,h,h,h,h,h,MBH,MBH,ATD,RCD,RCD,f,f,f,ProctorDining,f,f,f,f,f,f,h
h,h,h,h,h,h,h,ATD,MBH,CHT,MBH,AXN,ProctorDining,f,f,f,RCD,f,RCD,f,f,f,f,h
h,h,h,h,h,h,h,h,AXT,f,AXN,ProctorDining,ProctorDining,FIC,MCA,f,f,f,f,f,f,f,f,h
h,h,h,h,h,h,h,h,f,HLD,f,AXT,f,f,CHT,f,f,f,RCD,f,f,f,f,h
h,h,h,h,h,h,h,ProctorDining,MBH,MBH,WNS,f,ProctorDining,f,f,f,ProctorDining,ProctorDining,RCD,f,f,f,f,h
h,h,h,h,h,h,h,RCD,f,FIC,f,MNR,ATD,MBH,f,f,f,f,f,f,f,f,f,h
h,h,h,h,h,h,ATD,ProctorDining,WNS,f,HLD,f,f,f,f,f,f,RCD,f,f,f,f,f,h
h,h,h,h,h,h,h,RCD,MNR,f,WNS,LIB,ProctorDining,f,f,f,f,ProctorDining,f,f,f,f,f,h
h,h,h,h,h,h,h,h,ATD,AXN,MBH,RCD,f,f,f,f,f,f,ProctorDining,f,f,f,f,h
h,h,h,h,h,h,h,h,MBH,f,f,RCD,f,MBH,GFD,f,f,f,f,f,f,f,f,h
h,h,h,h,h,h,h,ProctorDining,RCD,f,f,FIC,ATD,f,f,f,f,f,f,f,f,f,f,h
h,h,h,h,h,h,h,h,ProctorDining,f,MBH,MBH,f,f,f,f,f,f,RCD,f,f,f,f,h
h,h,h,h,h,h,h,h,f,f,RCD,WNS,f,f,f,f,f,RCD,f,f,f,f,f,h
h,h,h,h,h,h,h,MBH,f,MBH,f,HLD,f,f,f,f,f,f,f,f,f,f,f,h
h,h,h,h,h,h,h,MBH,f,f,ATD,OCH,f,f,f,f,f,RCD,f,f,f,f,f,h
h,h,h,h,h,h,h,h,MNR,AXN,ATD,f,f,f,CHT,f,f,f,RCD,f,f,f,f,h
h,h,h,h,h,h,h,h,AXN,MBH,f,f,RCD,f,f,f,f,RCD,f,f,f,f,f,h
h,h,h,h,h,h,h,ATD,MBH,f,MBH,RCD,f,f,f,f,f,f,f,f,f,f,f,h
h,h,h,h,h,h,h,h,f,MBH,ProctorDining,f,RCD,f,MBH,f,f,ProctorDining,f,f,f,f,f,h
h,h,h,h,h,h,h,h,f,f,f,WNS,f,f,f,f,f,f,f,f,f,f,f,h
h,h,h,h,h,h,h,ProctorDining,FIC,MBH,ATD,MBH,f,f,f,f,f,f,ProctorDining,f,f,f,f,h
h,h,h,h,h,h,h,ProctorDining,ATD,f,MBH,MBH,f,f,f,f,f,f,f,f,f,f,f,h
h,h,h,h,h,h,ProctorDining,WNS,ATD,WNS,f,RCD,ProctorDining,f,f,f,f,f,f,f,f,f,f,h
h,h,h,h,h,h,h,h,MBH,MCA,f,WNS,f,f,f,f,f,f,ProctorDining,f,f,f,f,h
h,h,h,h,h,h,h,h,f,WNS,LIB,ATD,RCD,f,AXN,f,f,f,f,f,f,f,f,h
h,h,h,h,h,h,h,h,f,f,ATD,RCD,f,f,f,f,f,f,ProctorDining,f,f,f,f,h
h,h,h,h,h,h,h,h,f,WNS,f,f,ProctorDining,f,f,f,f,RCD,f,f,f,f,f,h
h,h,h,h,h,h,h,RCD,ProctorDining,f,AXN,WNS,f,f,f,f,f,f,ProctorDining,f,f,f,f,h
h,h,h,h,h,h,h,RCD,CHT,MBH,ProctorDining,f,f,f,FIC,f,ProctorDining,f,f,f,f,f,f,h
h,h,h,h,h,h,h,h,MBH,f,ATD,LIB,f,f,f,f,f,RCD,f,f,f,f,f,h
h,h,h,h,h,h,h,h,f,MBH,MBH,f,f,f,f,f,f,f,f,f,f,f,f,h
h,h,h,h,h,h,h,h,MBH,CHT,ATD,ATD,ProctorDining,f,f,f,f,RCD,f,f,f,f,f,h
h,h,h,h,h,h,h,h,f,f,RCD,f,f,f,f,f,f,ProctorDining,f,f,f,f,f,h
h,h,h,h,h,h,h,h,MBH,f,ATD,ProctorDining,f,f,f,f,f,ProctorDining,f,f,f,f,f,h
h,h,h,h,h,h,h,ProctorDining,RCD,WNS,f,ATD,ATD,f,f,f,ProctorDining,RCD,f,f,f,f,f,h
h,h,h,h,h,h,h,h,CHT,f,f,ProctorDining,RCD,f,MBH,f,f,ProctorDining,f,f,f,f,f,h
h,h,h,h,h,h,h,h,CHT,WNS,ProctorDining,AXN,ATD,MBH,f,f,f,RCD,RCD,f,f,f,f,h
h,h,h,h,h,h,h,h,AXN,AXN,f,ProctorDining,f,f,HLD,f,f,ProctorDining,RCD,f,f,f,f,h
h,h,h,h,h,h,RCD,h,f,f,ProctorDining,CHT,f,f,GFD,f,f,f,ProctorDining,f,f,f,f,h
h,h,h,h,h,h,h,ProctorDining,f,f,f,WNS,f,f,f,f,f,RCD,ProctorDining,f,f,f,f,h
h,h,h,h,h,h,h,ATD,f,f,MBH,WNS,f,f,f,f,f,f,ProctorDining,f,f,f,f,h
h,h,h,h,h,h,h,h,f,MFH,ProctorDining,RCD,f,f,f,f,f,f,f,f,f,f,f,h
h,h,h,h,h,h,h,ProctorDining,f,f,f,f,f,WNS,f,f,f,f,f,f,f,f,f,h
h,h,h,h,h,h,h,h,AXN,f,MNR,RCD,f,f,f,f,f,RCD,f,f,f,f,f,h
h,h,h,h,h,h,h,h,MCA,f,f,f,ProctorDining,f,f,f,f,ProctorDining,f,f,f,f,f,h
h,h,h,h,h,h,h,RCD,f,f,f,MBH,f,f,f,f,f,f,RCD,f,f,f,f,h
h,h,h,h,h,h,h,h,f,f,f,ProctorDining,ProctorDining,f,f,f,f,f,RCD,f,f,f,f,h
h,h,h,h,h,h,h,h,f,f,JHN,ATD,ProctorDining,f,f,f,f,ProctorDining,f,f,f,f,f,h
h,h,h,h,h,h,h,h,f,f,f,ProctorDining,RCD,f,f,f,f,RCD,RCD,f,f,f,f,h
h,h,h,h,h,h,h,h,WNS,MBH,f,ATD,ProctorDining,f,MNR,f,ProctorDining,f,f,f,f,f,f,h
h,h,h,h,h,h,h,h,ATD,AXT,f,MNR,f,f,f,f,f,f,ProctorDining,f,f,f,f,h
h,h,h,h,h,h,h,ProctorDining,f,f,AXN,f,ATD,f,f,f,f,f,ProctorDining,f,f,f,f,h
h,h,h,h,h,h,h,h,MBH,f,RCD,MBH,f,f,f,f,f,RCD,f,f,f,f,f,h
h,h,h,h,h,h,h,h,RCD,f,MBH,RCD,f,f,f,f,f,f,ProctorDining,f,f,f,f,h
h,h,h,h,h,h,h,ATD,AXN,CHT,f,RCD,ProctorDining,f,MCA,f,f,ProctorDining,RCD,f,f,f,f,h
h,h,h,h,h,h,h,h,MBH,f,f,f,f,f,f,f,f,RCD,f,f,f,f,f,h
h,h,h,h,h,h,h,h,WNS,f,f,ProctorDining,f,f,f,f,f,f,f,f,f,f,f,h
h,h,h,h,h,h,h,h,WNS,f,f,RCD,ProctorDining,f,f,f,ProctorDining,ProctorDining,f,f,f,f,f,h
h,h,h,h,h,h,h,ProctorDining,MNR,CHT,f,ProctorDining,f,f,f,f,f,RCD,ProctorDining,f,f,f,f,h
h,h,h,h,h,h,h,ProctorDining,CHT,MBH,ProctorDining,f,ATD,f,f,f,f,f,f,f,f,f,f,h
h,h,h,h,h,h,h,h,WNS,f,RCD,SDL,f,f,f,f,ProctorDining,RCD,f,f,f,f,f,h
h,h,h,h,h,h,h,h,ProctorDining,LIB,f,RCD,f,f,f,f,f,f,ProctorDining,f,f,f,f,h
h,h,h,h,h,h,h,h,f,AXT,ATD,WNS,f,AXT,f,f,ProctorDining,RCD,f,f,f,f,f,h
h,h,h,h,h,h,h,h,f,WNS,f,f,f,f,f,f,f,f,f,f,f,f,f,h
h,h,h,h,h,h,h,RCD,LIB,f,f,ProctorDining,f,f,f,f,f,RCD,f,f,f,f,f,h
h,h,h,h,h,h,h,MBH,MBH,f,f,ProctorDining,f,f,f,f,ProctorDining,f,f,f,f,f,f,h
h,h,h,h,h,h,h,h,f,AXN,MBH,f,RCD,f,f,f,f,f,f,f,f,f,f,h
h,h,h,h,h,h,h,ATD,MBH,MBH,f,f,f,f,f,f,f,f,f,f,f,f,f,h
h,h,h,h,h,h,h,h,ProctorDining,f,RCD,ProctorDining,RCD,f,f,f,ProctorDining,f,f,f,f,f,f,h
h,h,h,h,h,h,h,h,FIC,CHT,WNS,f,f,f,LIB,f,f,f,f,f,f,f,f,h
h,h,h,h,h,h,h,ATD,f,f,f,f,f,f,f,f,f,ProctorDining,f,f,f,f,f,h
h,h,h,h,h,h,h,h,RCD,f,ProctorDining,ATD,f,f,f,f,f,f,f,f,f,f,f,h
h,h,h,h,h,h,h,h,RCD,f,JHN,ATD,f,f,GFD,f,f,ProctorDining,f,f,f,f,f,h
h,h,h,h,h,h,h,h,MBH,GFD,f,f,f,f,f,f,f,f,f,f,f,f,f,h
h,h,h,h,h,h,h,h,ProctorDining,f,JHN,ProctorDining,f,f,f,f,ProctorDining,f,f,f,f,f,f,h
h,h,h,h,h,h,h,h,ATD,f,f,AXT,f,AXT,WNS,f,f,ProctorDining,f,f,f,f,f,h
h,h,h,h,h,h,ATD,h,ProctorDining,MBH,f,WNS,f,f,f,f,f,f,f,f,f,f,f,h
h,h,h,h,h,h,h,h,f,f,f,RCD,f,f,MNR,f,f,f,f,f,f,f,f,h
h,h,h,h,h,h,h,h,WNS,AXT,HLD,ProctorDining,f,f,f,f,f,f,f,f,f,f,f,h
h,h,h,h,h,h,h,ATD,f,f,MBH,AXT,RCD,f,f,f,f,f,ProctorDining,f,f,f,f,h
h,h,h,h,h,h,h,h,FIC,f,f,ProctorDining,ProctorDining,f,MNR,f,f,RCD,f,f,f,f,f,h
h,h,h,h,h,h,h,ATD,WNS,MBH,MBH,ProctorDining,f,f,f,f,f,f,f,f,f,f,f,h
h,h,h,h,h,h,h,h,f,f,LIB,ProctorDining,f,f,AXN,f,f,f,f,f,f,f,f,h
h,h,h,h,h,h,h,h,OCH,AXT,f,ProctorDining,ProctorDining,f,f,f,ProctorDining,ProctorDining,RCD,f,f,f,f,h
h,h,h,h,h,h,h,ATD,ProctorDining,AXN,JHN,AXN,f,f,f,f,f,f,f,f,f,f,f,h
h,h,h,h,h,h,h,ProctorDining,f,MBH,f,RCD,f,f,f,f,f,ProctorDining,f,f,f,f,f,h
h,h,h,h,h,h,h,ATD,f,f,f,ATD,ProctorDining,f,f,f,f,f,f,f,f,f,f,h
h,h,h,h,h,h,h,ATD,f,f,RCD,f,f,f,f,f,f,ProctorDining,f,f,f,f,f,h
h,h,h,h,h,h,h,h,WNS,MBH,HLD,ATD,f,f,f,f,f,f,ProctorDining,f,f,f,f,h
h,h,h,h,h,h,h,h,MNR,f,MBH,RCD,f,f,AXT,f,f,f,f,f,f,f,f,h
h,h,h,h,h,h,h,h,CHT,f,RCD,RCD,RCD,f,WNS,f,f,f,f,f,f,f,f,h
h,h,h,h,h,h,h,h,f,MBH,RCD,ATD,ProctorDining,f,f,f,f,ProctorDining,f,f,f,f,f,h
h,h,h,h,h,h,h,h,f,f,ATD,OCH,RCD,f,f,f,f,f,f,f,f,f,f,h
h,h,h,h,h,h,ProctorDining,ProctorDining,f,f,f,WNS,f,f,f,f,f,ProctorDining,f,f,f,f,f,h
h,h,h,h,h,h,h,h,WNS,MCA,f,RCD,f,f,f,f,f,f,f,f,f,f,f,h
h,h,h,h,h,h,h,h,WNS,f,f,f,f,MBH,f,f,f,f,f,f,f,f,f,h
h,h,h,h,h,h,h,h,ATD,f,f,ATD,ProctorDining,f,AXN,f,f,f,f,f,f,f,f,h
h,h,h,h,h,h,h,h,MBH,WNS,f,ProctorDining,f,f,f,f,f,f,f,f,f,f,f,h
h,h,h,h,h,h,h,h,f,MCA,ProctorDining,ProctorDining,f,f,GFD,f,f,f,RCD,f,f,f,f,h
h,h,h,h,h,h,h,h,GFD,f,f,ProctorDining,RCD,AXN,f,f,f,RCD,f,f,f,f,f,h
h,h,h,h,h,h,h,h,JHN,AXT,f,HLD,ProctorDining,f,f,f,f,f,RCD,f,f,f,f,h
h,h,h,h,h,h,h,MFH,RCD,f,f,f,ProctorDining,f,RCD,f,f,RCD,f,f,f,f,f,h
h,h,h,h,h,h,h,MBH,f,f,MNR,LIB,f,f,f,f,f,f,f,f,f,f,f,h
h,h,h,h,h,h,h,RCD,WNS,f,JHN,ProctorDining,f,f,f,f,f,f,RCD,f,f,f,f,h
h,h,h,h,h,h,h,h,MBH,f,f,MNR,f,f,f,f,f,ProctorDining,f,f,f,f,f,h
h,h,h,h,h,h,h,h,f,f,f,MBH,f,f,f,f,f,f,RCD,f,f,f,f,h
h,h,h,h,h,h,h,RCD,f,f,MBH,ATD,f,f,f,f,f,RCD,f,f,f,f,f,h
h,h,h,h,h,h,h,h,f,WNS,f,FIC,ProctorDining,f,MBH,f,f,ProctorDining,f,f,f,f,f,h
h,h,h,h,h,h,RCD,WNS,MBH,f,f,ProctorDining,f,f,f,f,f,f,f,f,f,f,f,h
h,h,h,h,h,h,h,h,MBH,MBH,f,WNS,f,f,f,f,f,ProctorDining,f,f,f,f,f,h
h,h,h,h,h,h,h,ProctorDining,f,f,f,MNR,ATD,f,f,f,f,f,f,f,f,f,f,h
h,h,h,h,h,h,ProctorDining,RCD,ATD,AXN,f,CHT,RCD,f,f,f,f,ProctorDining,f,f,f,f,f,h
h,h,h,h,h,h,h,h,ProctorDining,MBH,WNS,ProctorDining,ProctorDining,f,MBH,f,f,f,f,f,f,f,f,h
h,h,h,h,h,h,h,h,ATD,f,f,ProctorDining,f,AXT,f,f,f,RCD,f,f,f,f,f,h
h,h,h,h,h,h,h,h,AXT,f,MBH,ProctorDining,f,f,f,f,f,f,f,f,f,f,f,h
h,h,h,h,h,h,RCD,h,WNS,CHT,WNS,RCD,f,f,f,f,f,f,ProctorDining,f,f,f,f,h
h,h,h,h,h,h,h,ATD,f,f,f,f,RCD,f,MBH,f,f,f,RCD,f,f,f,f,h
h,h,h,h,h,h,h,h,MBH,f,WNS,RCD,f,f,f,f,f,f,ProctorDining,f,f,f,f,h
h,h,h,h,h,h,h,h,HLD,f,f,f,ProctorDining,f,MBH,f,f,f,ProctorDining,f,f,f,f,h
h,h,h,h,h,h,h,ProctorDining,f,f,f,ATD,RCD,f,f,f,f,f,f,f,f,f,f,h
h,h,h,h,h,h,h,h,HLD,f,f,ATD,f,MBH,f,f,f,RCD,f,f,f,f,f,h
h,h,h,h,h,h,h,h,RCD,MNR,f,ProctorDining,RCD,f,f,f,f,f,ProctorDining,f,f,f,f,h
h,h,h,h,h,h,h,h,f,f,MBH,ATD,f,f,f,f,f,RCD,f,f,f,f,f,h
h,h,h,h,h,h,ProctorDining,h,f,f,f,f,f,f,f,f,f,ProctorDining,f,f,f,f,f,h
h,h,h,h,h,h,h,ProctorDining,f,MBH,f,ATD,ProctorDining,WNS,f,f,f,ProctorDining,RCD,f,f,f,f,h
h,h,h,h,h,h,h,RCD,RCD,MBH,WNS,f,ATD,f,WNS,f,f,RCD,f,f,f,f,f,h
h,h,h,h,h,h,h,MBH,f,f,WNS,RCD,f,f,WNS,f,f,f,f,f,f,f,f,h
h,h,h,h,h,h,h,MBH,MBH,f,MBH,AXN,f,f,f,f,f,f,ProctorDining,f,f,f,f,h
h,h,h,h,h,h,ATD,h,AXN,f,MBH,GFD,f,f,f,f,f,ProctorDining,f,f,f,f,f,h
h,h,h,h,h,h,h,h,f,AXN,RCD,f,ProctorDining,f,AXN,f,f,f,f,f,f,f,f,h
h,h,h,h,h,h,h,ATD,ProctorDining,f,f,ProctorDining,ProctorDining,AXT,AXT,f,f,f,RCD,f,f,f,f,h
h,h,h,h,h,h,ATD,h,CHT,CHT,f,f,ATD,f,f,f,f,ProctorDining,f,f,f,f,f,h
h,h,h,h,h,h,h,MBH,WNS,f,CHT,f,RCD,f,MCA,f,f,ProctorDining,RCD,f,f,f,f,h
h,h,h,h,h,h,h,h,ProctorDining,f,WNS,WNS,f,f,WNS,f,f,RCD,RCD,f,f,f,f,h
h,h,h,h,h,h,h,h,f,f,f,f,ProctorDining,f,f,f,RCD,f,f,f,f,f,f,h
h,h,h,h,h,h,h,h,AXT,MBH,f,f,ATD,f,f,f,f,RCD,f,f,f,f,f,h
h,h,h,h,h,h,h,h,WNS,MBH,RCD,RCD,RCD,f,f,f,f,RCD,f,f,f,f,f,h
h,h,h,h,h,h,h,WNS,LIB,AXN,ATD,f,ProctorDining,f,f,f,f,ProctorDining,f,f,f,f,f,h
h,h,h,h,h,h,h,h,f,f,MBH,ATD,f,f,f,f,RCD,f,ProctorDining,f,f,f,f,h
h,h,h,h,h,h,h,ProctorDining,WNS,f,LIB,AXT,f,f,f,f,f,RCD,ProctorDining,f,f,f,f,h
h,h,h,h,h,h,h,h,ProctorDining,f,f,ATD,f,f,f,f,f,f,f,f,f,f,f,h
h,h,h,h,h,h,h,MBH,JHN,f,f,f,ProctorDining,f,f,f,f,ProctorDining,f,f,f,f,f,h
h,h,h,h,h,h,h,h,f,f,f,ProctorDining,f,f,f,f,f,RCD,f,f,f,f,f,h
h,h,h,h,h,h,h,ProctorDining,MBH,f,HLD,ProctorDining,ATD,AXT,WNS,f,f,f,f,f,f,f,f,h
h,h,h,h,h,h,h,h,RCD,CHT,f,RCD,f,MBH,f,f,ProctorDining,f,f,f,f,f,f,h
h,h,h,h,h,h,h,h,ATD,f,OCH,AXN,f,AXN,f,f,f,f,f,f,f,f,f,h
h,h,h,h,h,h,h,h,GFD,f,f,ProctorDining,f,f,f,f,f,RCD,f,f,f,f,f,h
h,h,h,h,h,h,h,ATD,f,f,RCD,ATD,f,f,f,f,f,f,f,f,f,f,f,h
h,h,h,h,h,h,h,h,MNR,f,MBH,RCD,f,f,MNR,f,f,f,f,f,f,f,f,h
h,h,h,h,h,h,h,h,f,WNS,f,RCD,f,AXN,f,f,f,f,f,f,f,f,f,h
h,h,h,h,h,h,h,h,ATD,f,MNR,HLD,ProctorDining,f,f,f,f,f,f,f,f,f,f,h
h,h,h,h,h,h,h,ATD,f,AXN,f,MNR,ATD,f,f,f,f,RCD,ProctorDining,f,f,f,f,h
h,h,h,h,h,h,h,MBH,HLD,HLD,f,AXT,ProctorDining,f,f,f,f,ProctorDining,f,f,f,f,f,h
h,h,h,h,h,h,h,h,f,f,RCD,ProctorDining,f,f,f,f,f,f,f,f,f,f,f,h
h,h,h,h,h,h,h,h,JHN,MBH,ATD,RCD,f,f,f,f,f,f,RCD,f,f,f,f,h
h,h,h,h,h,h,RCD,h,CHT,f,AXT,AXT,f,f,f,f,f,ProctorDining,f,f,f,f,f,h
h,h,h,h,h,h,h,ProctorDining,f,f,f,f,f,f,FIC,f,f,f,RCD,f,f,f,f,h
h,h,h,h,h,h,h,h,f,MBH,f,LIB,f,f,f,f,f,f,f,f,f,f,f,h
h,h,h,h,h,h,h,h,RCD,FIC,WNS,AXN,f,MBH,f,f,f,f,RCD,f,f,f,f,h
h,h,h,h,h,h,h,ProctorDining,MBH,f,AXT,MNR,f,f,f,f,f,f,f,f,f,f,f,h
h,h,h,h,h,h,h,h,WNS,f,f,MBH,f,f,f,f,f,ProctorDining,ProctorDining,f,f,f,f,h
h,h,h,h,h,h,h,h,WNS,f,ATD,ATD,ProctorDining,f,SDL,f,f,ProctorDining,RCD,f,f,f,f,h
h,h,h,h,h,h,h,h,ATD,f,f,AXT,ATD,f,f,f,f,ProctorDining,RCD,f,f,f,f,h
h,h,h,h,h,h,h,h,MBH,f,f,RCD,f,f,f,f,f,RCD,f,f,f,f,f,h
h,h,h,h,h,h,h,RCD,MBH,CHT,f,MNR,ProctorDining,f,f,f,f,ProctorDining,f,f,f,f,f,h
h,h,h,h,h,h,h,h,AXN,MBH,WNS,f,ATD,f,MCA,f,f,f,ProctorDining,f,f,f,f,h
h,h,h,h,h,h,h,ProctorDining,f,MBH,f,AXN,f,f,AXN,f,f,ProctorDining,f,f,f,f,f,h
h,h,h,h,h,h,h,h,WNS,f,f,CHT,RCD,f,MNR,f,f,f,ProctorDining,f,f,f,f,h
h,h,h,h,h,h,h,h,ATD,f,HLD,ATD,f,f,f,f,f,f,f,f,f,f,f,h
h,h,h,h,h,h,h,h,MBH,f,WNS,ATD,f,f,f,f,f,RCD,f,f,f,f,f,h
h,h,h,h,h,h,h,MBH,JHN,GFD,f,ProctorDining,ATD,f,f,f,f,ProctorDining,RCD,f,f,f,f,h
h,h,h,h,h,h,h,h,f,WNS,f,ProctorDining,f,AXT,MNR,f,f,RCD,f,f,f,f,f,h
h,h,h,h,h,h,h,ProctorDining,f,CHT,f,ProctorDining,ProctorDining,AXN,f,f,f,ProctorDining,RCD,f,f,f,f,h
h,h,h,h,h,h,h,h,MBH,f,f,AXN,f,f,f,f,f,f,f,f,f,f,f,h
h,h,h,h,h,h,ATD,ATD,f,MNR,f,ProctorDining,f,f,f,f,ProctorDining,f,f,f,f,f,f,h
h,h,h,h,h,h,h,h,f,AXT,MBH,WNS,f,f,f,f,f,f,f,f,f,f,f,h
h,h,h,h,h,h,h,MBH,ProctorDining,MBH,WNS,RCD,f,f,f,f,f,f,f,f,f,f,f,h
h,h,h,h,h,h,h,h,f,AXN,RCD,MNR,f,f,f,f,f,f,f,f,f,f,f,h
h,h,h,h,h,h,h,RCD,f,MFH,f,RCD,ProctorDining,f,MBH,f,f,ProctorDining,f,f,f,f,f,h
h,h,h,h,h,h,h,h,RCD,f,ATD,AXN,f,f,AXT,f,f,RCD,ProctorDining,f,f,f,f,h
h,h,h,h,h,h,h,h,f,f,f,RCD,ATD,f,f,f,f,ProctorDining,f,f,f,f,f,h
h,h,h,h,h,h,h,h,HLD,AXT,ATD,ProctorDining,RCD,f,f,f,f,RCD,f,f,f,f,f,h
h,h,h,h,h,h,h,MBH,f,f,RCD,MBH,f,f,f,f,f,ProctorDining,f,f,f,f,f,h
h,h,h,h,h,h,h,h,RCD,f,RCD,f,f,f,f,f,f,RCD,f,f,f,f,f,h
h,h,h,h,h,h,ProctorDining,h,AXN,MBH,WNS,LIB,f,MBH,f,f,f,f,f,f,f,f,f,h
h,h,h,h,h,h,h,h,WNS,f,WNS,ProctorDining,f,f,MBH,f,f,ProctorDining,ProctorDining,f,f,f,f,h
h,h,h,h,h,h,h,RCD,ATD,WNS,RCD,ProctorDining,ProctorDining,f,GFD,f,f,RCD,RCD,f,f,f,f,h
h,h,h,h,h,h,h,h,f,MBH,f,LIB,f,f,f,f,f,ProctorDining,f,f,f,f,f,h
h,h,h,h,h,h,h,ATD,f,FIC,f,MBH,f,f,MBH,f,f,f,RCD,f,f,f,f,h
h,h,h,h,h,h,h,ATD,WNS,FIC,f,RCD,ProctorDining,f,OCH,f,f,RCD,f,f,f,f,f,h
h,h,h,h,h,h,h,h,f,GFD,f,LIB,f,f,RCD,f,f,f,ProctorDining,f,f,f,f,h
h,h,h,h,h,h,h,MBH,ProctorDining,f,f,MBH,f,f,SDL,f,f,f,f,f,f,f,f,h
h,h,h,h,h,h,h,h,MBH,f,f,f,f,f,f,f,f,RCD,f,f,f,f,f,h
h,h,h,h,h,h,ProctorDining,ProctorDining,OCH,f,f,AXN,f,f,f,f,f,f,f,f,f,f,f,h
h,h,h,h,h,h,h,h,AXT,f,WNS,CHT,f,f,f,f,f,RCD,f,f,f,f,f,h
h,h,h,h,h,h,h,h,ProctorDining,AXN,f,ProctorDining,f,f,f,f,f,f,f,f,f,f,f,h
h,h,h,h,h,h,h,h,f,f,ATD,f,ProctorDining,GFD,WNS,f,f,RCD,RCD,f,f,f,f,h
h,h,h,h,h,h,h,h,CHT,MBH,WNS,MNR,f,f,f,f,f,f,RCD,f,f,f,f,h
h,h,h,h,h,h,h,h,RCD,WNS,MBH,MNR,f,f,f,f,f,RCD,f,f,f,f,f,h
h,h,h,h,h,h,h,h,ProctorDining,WNS,f,LIB,f,f,f,f,f,ProctorDining,f,f,f,f,f,h
h,h,h,h,h,h,h,RCD,RCD,GFD,f,OCH,f,f,f,f,f,ProctorDining,f,f,f,f,f,h
h,h,h,h,h,h,h,h,f,MCA,f,GFD,f,f,f,f,f,f,f,f,f,f,f,h
h,h,h,h,h,h,h,h,MCA,FIC,f,ATD,ATD,f,GFD,f,ProctorDining,RCD,f,f,f,f,f,h
h,h,h,h,h,h,h,h,f,f,MBH,f,ProctorDining,f,f,f,f,RCD,f,f,f,f,f,h
h,h,h,h,h,h,h,h,MBH,f,MBH,ProctorDining,f,f,AXN,f,f,f,f,f,f,f,f,h
h,h,h,h,h,h,h,ProctorDining,f,MBH,f,ProctorDining,f,f,f,f,f,f,f,f,f,f,f,h
h,h,h,h,h,h,h,h,WNS,GFD,f,f,RCD,f,f,f,f,f,RCD,f,f,f,f,h
h,h,h,h,h,h,h,h,f,AXN,MBH,ProctorDining,f,f,f,f,f,f,f,f,f,f,f,h
h,h,h,h,h,h,h,h,WNS,f,CHT,ProctorDining,f,f,AXN,f,f,RCD,f,f,f,f,f,h
h,h,h,h,h,h,h,RCD,f,GFD,f,AXN,RCD,f,f,f,f,RCD,f,f,f,f,f,h
h,h,h,h,h,h,h,MNR,CHT,f,ATD,ProctorDining,f,f,f,f,f,f,f,f,f,f,f,h
h,h,h,h,h,h,h,h,HLD,f,f,RCD,f,f,f,f,f,f,f,f,f,f,f,h
h,h,h,h,h,h,h,h,MBH,GFD,ProctorDining,RCD,f,f,f,f,f,RCD,RCD,f,f,f,f,h
h,h,h,h,h,h,h,MBH,f,AXN,ATD,ProctorDining,ATD,f,f,f,f,f,RCD,f,f,f,f,h
h,h,h,h,h,h,h,ATD,ProctorDining,f,MBH,HLD,f,MNR,WNS,f,f,f,f,f,f,f,f,h
h,h,h,h,h,h,ProctorDining,h,GFD,CHT,f,CHT,f,f,MBH,f,f,ProctorDining,f,f,f,f,f,h
h,h,h,h,h,h,h,h,MBH,f,f,ProctorDining,ProctorDining,f,f,f,f,f,RCD,f,f,f,f,h
h,h,h,h,h,h,h,h,RCD,f,f,AXT,f,f,f,f,f,ProctorDining,ProctorDining,f,f,f,f,h
h,h,h,h,h,h,h,ProctorDining,MBH,GFD,ATD,ProctorDining,f,f,f,f,ProctorDining,ProctorDining,f,f,f,f,f,h
h,h,h,h,h,h,h,h,WNS,f,f,ProctorDining,f,f,f,f,f,RCD,f,f,f,f,f,h
h,h,h,h,h,h,h,ProctorDining,GFD,f,MNR,ATD,f,f,WNS,f,f,f,f,f,f,f,f,h
h,h,h,h,h,h,h,RCD,ATD,f,f,RCD,f,f,f,f,f,f,f,f,f,f,f,h
h,h,h,h,h,h,h,h,MCA,f,f,f,ATD,f,f,f,f,f,f,f,f,f,f,h
h,h,h,h,h,h,h,h,f,MNR,f,ProctorDining,f,MBH,f,f,f,ProctorDining,ProctorDining,f,f,f,f,h
h,h,h,h,h,h,h,h,ATD,f,f,MBH,f,f,CHT,f,ProctorDining,RCD,RCD,f,f,f,f,h
h,h,h,h,h,h,h,RCD,MBH,f,f,AXN,RCD,f,f,f,f,RCD,ProctorDining,f,f,f,f,h
h,h,h,h,h,h,h,MBH,HLD,MBH,f,MNR,f,AXN,f,f,f,f,f,f,f,f,f,h
h,h,h,h,h,h,h,MNR,f,CHT,ATD,MCA,ProctorDining,f,f,f,f,f,f,f,f,f,f,h
h,h,h,h,h,h,h,ATD,RCD,f,f,AXN,f,f,f,f,ProctorDining,RCD,f,f,f,f,f,h
h,h,h,h,h,h,h,h,MFH,f,MBH,f,f,f,WNS,f,f,f,ProctorDining,f,f,f,f,h
h,h,h,h,h,h,h,h,ATD,MNR,f,ProctorDining,ProctorDining,f,f,f,f,RCD,f,f,f,f,f,h
h,h,h,h,h,h,h,h,f,f,f,MBH,f,f,CHT,f,f,f,f,f,f,f,f,h
h,h,h,h,h,h,h,h,f,f,f,AXN,f,f,RCD,f,f,ProctorDining,RCD,f,f,f,f,h
h,h,h,h,h,h,h,ATD,MBH,AXN,CHT,RCD,ATD,f,f,f,f,ProctorDining,f,f,f,f,f,h
h,h,h,h,h,h,h,ProctorDining,GFD,AXT,f,ProctorDining,ATD,f,f,f,f,RCD,f,f,f,f,f,h
h,h,h,h,h,h,h,h,f,f,f,ATD,f,f,f,f,f,RCD,f,f,f,f,f,h
h,h,h,h,h,h,h,h,f,f,f,ProctorDining,ProctorDining,MNR,f,f,f,f,ProctorDining,f,f,f,f,h
h,h,h,h,h,h,h,h,MNR,f,f,ATD,RCD,f,f,f,f,RCD,f,f,f,f,f,h
h,h,h,h,h,h,h,MBH,MBH,f,RCD,AXN,f,f,MBH,f,f,f,ProctorDining,f,f,f,f,h
h,h,h,h,h,h,h,h,OCH,f,f,AXN,f,MBH,LIB,f,f,ProctorDining,f,f,f,f,f,h
h,h,h,h,h,h,h,h,ATD,MBH,f,f,f,f,MBH,f,f,ProctorDining,ProctorDining,f,f,f,f,h
h,h,h,h,h,h,h,RCD,f,f,MBH,CHT,RCD,f,AXN,f,f,f,f,f,f,f,f,h
h,h,h,h,h,h,h,h,ProctorDining,f,MBH,MBH,RCD,f,f,f,f,f,ProctorDining,f,f,f,f,h
h,h,h,h,h,h,h,h,ATD,WNS,f,RCD,f,f,f,f,f,RCD,f,f,f,f,f,h
h,h,h,h,h,h,h,h,MBH,f,f,f,f,f,f,f,f,RCD,RCD,f,f,f,f,h
h,h,h,h,h,h,h,ProctorDining,HLD,f,RCD,ATD,f,f,MNR,f,f,ProctorDining,f,f,f,f,f,h
h,h,h,h,h,h,h,RCD,f,f,f,AXT,f,f,f,f,f,f,ProctorDining,f,f,f,f,h
h,h,h,h,h,h,h,h,f,f,f,ProctorDining,f,f,f,f,f,f,f,f,f,f,f,h
h,h,h,h,h,h,h,h,FIC,f,f,ProctorDining,f,f,SDL,f,f,f,f,f,f,f,f,h
h,h,h,h,h,h,h,h,AXN,f,WNS,MCA,ATD,f,FIC,f,f,RCD,f,f,f,f,f,h
h,h,h,h,h,h,ATD,h,ProctorDining,f,MBH,f,ProctorDining,f,f,f,f,f,ProctorDining,f,f,f,f,h
h,h,h,h,h,h,h,h,f,f,f,ATD,f,f,f,f,f,f,RCD,f,f,f,f,h
h,h,h,h,h,h,h,RCD,AXT,f,f,AXT,f,f,f,f,f,f,RCD,f,f,f,f,h
h,h,h,h,h,h,h,h,WNS,MBH,f,MNR,ProctorDining,f,LIB,f,f,ProctorDining,RCD,f,f,f,f,h
h,h,h,h,h,h,h,ProctorDining,f,f,ATD,AXT,f,f,f,f,f,f,f,f,f,f,f,h
h,h,h,h,h,h,h,h,MNR,f,f,f,f,f,f,f,f,f,f,f,f,f,f,h
h,h,h,h,h,h,h,MBH,f,GFD,ProctorDining,MBH,ATD,f,AXT,f,f,f,ProctorDining,f,f,f,f,h
h,h,h,h,h,h,h,MBH,ProctorDining,f,ATD,ATD,ATD,f,f,f,f,f,f,f,f,f,f,h
h,h,h,h,h,h,h,RCD,f,WNS,ATD,RCD,ATD,f,f,f,f,ProctorDining,ProctorDining,f,f,f,f,h
h,h,h,h,h,h,h,h,WNS,f,ATD,WNS,f,f,f,f,f,f,f,f,f,f,f,h
h,h,h,h,h,h,h,ATD,f,f,f,ATD,f,f,WNS,f,f,RCD,f,f,f,f,f,h
h,h,h,h,h,h,h,h,MBH,f,f,f,RCD,f,f,f,f,f,f,f,f,f,f,h
h,h,h,h,h,h,h,h,JHN,f,JHN,f,f,f,f,f,ProctorDining,RCD,ProctorDining,f,f,f,f,h
h,h,h,h,h,h,h,h,GFD,MBH,f,RCD,ProctorDining,f,f,f,f,f,f,f,f,f,f,h
h,h,h,h,h,h,h,h,f,f,ProctorDining,ATD,f,f,f,f,f,ProctorDining,f,f,f,f,f,h
h,h,h,h,h,h,h,h,f,f,f,SDL,ProctorDining,f,f,f,ProctorDining,f,f,f,f,f,f,h
h,h,h,h,h,h,h,h,ProctorDining,HLD,f,LIB,f,f,f,f,f,f,f,f,f,f,f,h
h,h,h,h,h,h,h,h,ATD,f,MBH,AXN,ProctorDining,f,f,f,f,f,f,f,f,f,f,h
h,h,h,h,h,h,h,h,MBH,f,HLD,f,ATD,f,f,f,f,f,f,f,f,f,f,h
h,h,h,h,h,h,h,ProctorDining,WNS,MBH,WNS,ProctorDining,f,f,f,f,f,f,f,f,f,f,f,h
h,h,h,h,h,h,h,h,AXT,AXT,f,RCD,ProctorDining,MNR,f,f,f,f,f,f,f,f,f,h
h,h,h,h,h,h,h,h,MNR,HLD,f,ProctorDining,ATD,f,f,f,f,f,RCD,f,f,f,f,h
h,h,h,h,h,h,h,ProctorDining,f,WNS,f,MNR,RCD,f,f,f,f,f,f,f,f,f,f,h
h,h,h,h,h,h,h,h,f,f,MBH,AXT,f,f,f,f,f,RCD,f,f,f,f,f,h
h,h,h,h,h,h,h,h,AXT,f,MBH,ProctorDining,f,f,f,f,RCD,f,RCD,f,f,f,f,h
h,h,h,h,h,h,h,h,MBH,f,f,RCD,ProctorDining,f,f,f,f,f,f,f,f,f,f,h
h,h,h,h,h,h,h,WNS,f,f,WNS,ProctorDining,f,f,MBH,f,f,f,ProctorDining,f,f,f,f,h
h,h,h,h,h,h,h,h,MNR,f,f,f,f,f,f,f,f,f,f,f,f,f,f,h
h,h,h,h,h,h,h,h,ATD,f,AXT,GFD,f,f,f,f,f,f,ProctorDining,f,f,f,f,h
h,h,h,h,h,h,h,h,RCD,f,f,ProctorDining,f,f,f,f,f,ProctorDining,f,f,f,f,f,h
h,h,h,h,h,h,h,ATD,f,f,f,RCD,RCD,f,f,f,f,f,f,f,f,f,f,h
h,h,h,h,h,h,h,h,AXN,f,f,ProctorDining,f,f,MCA,f,f,RCD,ProctorDining,f,f,f,f,h
h,h,h,h,h,h,h,h,f,AXN,MBH,RCD,ProctorDining,f,f,f,f,f,ProctorDining,f,f,f,f,h
h,h,h,h,h,h,h,RCD,f,AXN,f,MNR,f,f,f,f,f,RCD,f,f,f,f,f,h
h,h,h,h,h,h,h,h,WNS,f,f,ATD,ProctorDining,f,f,f,f,f,f,f,f,f,f,h
h,h,h,h,h,h,h,RCD,JHN,f,f,RCD,ProctorDining,MNR,MBH,f,f,RCD,f,f,f,f,f,h
h,h,h,h,h,h,h,ProctorDining,f,f,WNS,RCD,f,f,f,f,f,ProctorDining,f,f,f,f,f,h
h,h,h,h,h,h,h,ProctorDining,WNS,f,f,ATD,RCD,f,f,f,RCD,f,f,f,f,f,f,h
h,h,h,h,h,h,h,h,f,f,f,AXN,f,f,AXN,f,RCD,f,RCD,f,f,f,f,h
h,h,h,h,h,h,h,h,f,f,f,f,f,f,f,f,f,RCD,f,f,f,f,f,h
h,h,h,h,h,h,h,ProctorDining,MBH,f,f,LIB,f,f,f,f,f,f,RCD,f,f,f,f,h
h,h,h,h,h,h,h,ATD,JHN,f,f,ATD,ATD,f,f,f,f,ProctorDining,f,f,f,f,f,h
h,h,h,h,h,h,h,h,MNR,LIB,WNS,f,ProctorDining,f,f,f,f,f,RCD,f,f,f,f,h
h,h,h,h,h,h,h,h,f,f,AXN,ATD,RCD,AXT,f,f,f,ProctorDining,RCD,f,f,f,f,h
h,h,h,h,h,h,h,ProctorDining,ATD,MCA,RCD,AXN,ProctorDining,f,f,f,f,f,f,f,f,f,f,h
h,h,h,h,h,h,h,h,ProctorDining,GFD,MBH,MBH,f,f,f,f,f,f,f,f,f,f,f,h
h,h,h,h,h,h,h,h,f,f,f,ProctorDining,f,f,MBH,f,f,f,f,f,f,f,f,h
h,h,h,h,h,h,h,ATD,AXT,MCA,LIB,RCD,f,f,f,f,f,f,f,f,f,f,f,h
h,h,h,h,h,h,h,h,f,AXN,f,RCD,f,f,f,f,f,ProctorDining,f,f,f,f,f,h
h,h,h,h,h,h,h,h,JHN,f,f,f,f,f,f,f,f,f,f,f,f,f,f,h
h,h,h,h,h,h,h,h,ProctorDining,f,f,RCD,f,f,f,f,f,f,f,f,f,f,f,h
h,h,h,h,h,h,h,h,ProctorDining,f,f,f,ProctorDining,f,f,f,f,f,RCD,f,f,f,f,h
h,h,h,h,h,h,h,h,WNS,f,MBH,RCD,f,f,CHT,f,f,f,f,f,f,f,f,h
h,h,h,h,h,h,RCD,RCD,f,WNS,MBH,ProctorDining,f,f,f,f,f,f,f,f,f,f,f,h
h,h,h,h,h,h,h,h,MBH,MNR,f,RCD,f,f,GFD,f,f,f,f,f,f,f,f,h
h,h,h,h,h,h,h,h,f,MCA,f,f,ProctorDining,f,f,f,f,f,ProctorDining,f,f,f,f,h
h,h,h,h,h,h,h,h,ATD,GFD,f,RCD,ProctorDining,f,f,f,f,ProctorDining,ProctorDining,f,f,f,f,h
h,h,h,h,h,h,h,h,f,f,WNS,MBH,ProctorDining,f,CHT,f,f,f,ProctorDining,f,f,f,f,h
h,h,h,h,h,h,h,h,AXN,f,MBH,RCD,f,f,SDL,f,f,RCD,f,f,f,f,f,h
h,h,h,h,h,h,h,MBH,f,MBH,f,AXT,ATD,f,f,f,f,f,RCD,f,f,f,f,h
h,h,h,h,h,h,h,h,ProctorDining,AXN,f,f,f,WNS,f,f,f,f,ProctorDining,f,f,f,f,h
h,h,h,h,h,h,h,h,MNR,AXN,CHT,f,ATD,f,f,f,f,f,f,f,f,f,f,h
h,h,h,h,h,h,h,h,WNS,f,f,ProctorDining,f,f,MBH,f,f,ProctorDining,RCD,f,f,f,f,h
h,h,h,h,h,h,h,h,f,f,f,OCH,RCD,f,f,f,f,f,f,f,f,f,f,h
h,h,h,h,h,h,h,MNR,ProctorDining,MNR,f,CHT,f,f,f,f,f,RCD,RCD,f,f,f,f,h
h,h,h,h,h,h,ProctorDining,h,WNS,f,f,ProctorDining,ProctorDining,f,f,f,f,ProctorDining,f,f,f,f,f,h
h,h,h,h,h,h,h,h,ProctorDining,WNS,CHT,RCD,f,f,f,f,f,f,RCD,f,f,f,f,h
h,h,h,h,h,h,h,h,f,f,MNR,RCD,f,f,f,f,f,f,ProctorDining,f,f,f,f,h
h,h,h,h,h,h,h,h,f,f,f,WNS,f,f,f,f,f,f,RCD,f,f,f,f,h
h,h,h,h,h,h,h,ATD,f,f,ProctorDining,ProctorDining,f,f,WNS,f,f,f,f,f,f,f,f,h
h,h,h,h,h,h,h,h,RCD,MBH,f,ATD,ProctorDining,f,f,f,f,f,f,f,f,f,f,h
h,h,h,h,h,h,h,ProctorDining,f,f,AXN,ATD,f,f,f,f,f,ProctorDining,RCD,f,f,f,f,h
h,h,h,h,h,h,h,h,JHN,CHT,f,FIC,f,f,MBH,f,f,f,f,f,f,f,f,h
h,h,h,h,h,h,h,ProctorDining,ProctorDining,f,WNS,ProctorDining,ProctorDining,f,AXN,f,f,f,f,f,f,f,f,h
h,h,h,h,h,h,h,ProctorDining,MBH,HLD,f,RCD,ProctorDining,f,f,f,f,f,f,f,f,f,f,h
h,h,h,h,h,h,h,h,ProctorDining,f,MBH,MBH,f,f,f,f,f,ProctorDining,f,f,f,f,f,h
h,h,h,h,h,h,h,WNS,f,f,MBH,ProctorDining,f,f,MBH,f,f,RCD,f,f,f,f,f,h
h,h,h,h,h,h,h,h,f,f,f,SDL,f,f,f,f,f,f,f,f,f,f,f,h
h,h,h,h,h,h,h,h,ProctorDining,f,f,ProctorDining,f,f,AXN,f,f,f,RCD,f,f,f,f,h
h,h,h,h,h,h,h,ATD,ProctorDining,WNS,ATD,AXN,ATD,f,CHT,f,f,f,f,f,f,f,f,h
h,h,h,h,h,h,h,h,f,WNS,f,RCD,f,f,MNR,f,f,f,f,f,f,f,f,h
h,h,h,h,h,h,ProctorDining,h,GFD,f,MNR,f,ProctorDining,WNS,f,f,f,f,f,f,f,f,f,h
h,h,h,h,h,h,h,h,f,MNR,f,f,f,f,f,f,f,ProctorDining,ProctorDining,f,f,f,f,h
h,h,h,h,h,h,h,ATD,f,MNR,f,ProctorDining,f,f,f,f,f,RCD,f,f,f,f,f,h
h,h,h,h,h,h,h,ProctorDining,AXN,AXN,f,ATD,ProctorDining,MNR,f,f,f,RCD,f,f,f,f,f,h
h,h,h,h,h,h,h,h,f,MFH,MBH,RCD,f,f,WNS,f,f,f,ProctorDining,f,f,f,f,h
h,h,h,h,h,h,h,ProctorDining,f,MNR,RCD,LIB,f,f,AXN,f,f,f,RCD,f,f,f,f,h
h,h,h,h,h,h,h,ATD,MBH,OCH,f,AXN,f,f,f,f,ProctorDining,ProctorDining,RCD,f,f,f,f,h
h,h,h,h,h,h,h,h,RCD,MBH,MBH,f,ProctorDining,f,f,f,f,ProctorDining,f,f,f,f,f,h
h,h,h,h,h,h,h,RCD,LIB,f,f,f,f,f,MCA,f,f,RCD,f,f,f,f,f,h
h,h,h,h,h,h,h,RCD,MBH,f,f,f,RCD,f,f,f,f,f,ProctorDining,f,f,f,f,h
h,h,h,h,h,h,h,RCD,f,AXN,f,HLD,f,f,f,f,f,f,f,f,f,f,f,h
h,h,h,h,h,h,h,RCD,LIB,f,f,f,f,f,f,f,ProctorDining,RCD,f,f,f,f,f,h
h,h,h,h,h,h,h,h,MNR,f,f,MBH,ProctorDining,f,f,f,f,ProctorDining,RCD,f,f,f,f,h
h,h,h,h,h,h,h,h,AXN,SDL,RCD,ATD,f,f,CHT,f,f,f,f,f,f,f,f,h
h,h,h,h,h,h,h,h,f,f,f,RCD,f,f,f,f,f,ProctorDining,f,f,f,f,f,h
h,h,h,h,h,h,h,CHT,f,f,f,MNR,f,f,f,f,f,f,RCD,f,f,f,f,h
h,h,h,h,h,h,ATD,ProctorDining,WNS,MCA,f,RCD,RCD,f,f,f,f,ProctorDining,f,f,f,f,f,h
h,h,h,h,h,h,h,AXN,f,f,f,ProctorDining,ATD,f,f,f,RCD,f,f,f,f,f,f,h
h,h,h,h,h,h,h,h,MCA,f,f,HLD,RCD,f,f,f,f,f,f,f,f,f,f,h
h,h,h,h,h,h,h,ProctorDining,ProctorDining,f,f,RCD,f,f,f,f,f,RCD,f,f,f,f,f,h
h,h,h,h,h,h,h,ProctorDining,f,f,f,AXT,f,f,f,f,f,f,f,f,f,f,f,h
h,h,h,h,h,h,h,h,MNR,AXN,f,HLD,RCD,f,AXN,f,f,f,f,f,f,f,f,h
h,h,h,h,h,h,h,ProctorDining,f,f,WNS,ATD,ATD,f,f,f,f,f,f,f,f,f,f,h
h,h,h,h,h,h,h,RCD,MBH,f,MBH,AXN,ProctorDining,f,f,f,f,f,f,f,f,f,f,h
h,h,h,h,h,h,h,h,f,HLD,f,RCD,f,f,f,f,f,RCD,f,f,f,f,f,h
h,h,h,h,h,h,h,h,f,f,JHN,RCD,f,f,f,f,f,f,f,f,f,f,f,h
h,h,h,h,h,h,h,ProctorDining,MBH,CHT,f,ATD,f,f,f,f,RCD,f,f,f,f,f,f,h
h,h,h,h,h,h,h,RCD,MBH,MBH,f,RCD,f,f,f,f,f,RCD,f,f,f,f,f,h
h,h,h,h,h,h,h,h,RCD,f,f,ATD,ProctorDining,f,WNS,f,f,f,f,f,f,f,f,h
h,h,h,h,h,h,h,h,CHT,AXT,HLD,RCD,f,f,WNS,f,f,RCD,ProctorDining,f,f,f,f,h
h,h,h,h,h,h,h,h,MBH,f,MBH,MCA,f,f,f,f,RCD,f,f,f,f,f,f,h
h,h,h,h,h,h,h,ATD,f,AXN,f,ATD,RCD,f,f,f,f,ProctorDining,f,f,f,f,f,h
h,h,h,h,h,h,h,WNS,MBH,WNS,MBH,RCD,f,AXT,f,f,f,f,f,f,f,f,f,h
h,h,h,h,h,h,h,ProctorDining,ProctorDining,ATD,f,RCD,f,f,MBH,f,f,f,ProctorDining,f,f,f,f,h
h,h,h,h,h,h,h,ATD,f,f,ProctorDining,f,ProctorDining,f,WNS,f,RCD,ProctorDining,f,f,f,f,f,h
h,h,h,h,h,h,h,h,MBH,WNS,f,AXN,f,f,MNR,f,f,f,ProctorDining,f,f,f,f,h
h,h,h,h,h,h,h,RCD,MCA,MBH,f,AXT,f,MNR,f,f,f,f,ProctorDining,f,f,f,f,h
h,h,h,h,h,h,h,MFH,RCD,AXT,f,RCD,f,f,f,f,f,RCD,ProctorDining,f,f,f,f,h
h,h,h,h,h,h,h,ProctorDining,f,f,f,ProctorDining,RCD,f,f,f,f,RCD,RCD,f,f,f,f,h
h,h,h,h,h,h,h,ProctorDining,MBH,AXT,f,RCD,ProctorDining,f,f,f,f,ProctorDining,ProctorDining,f,f,f,f,h
h,h,h,h,h,h,h,h,MBH,f,f,AXT,f,f,f,f,f,ProctorDining,f,f,f,f,f,h
h,h,h,h,h,h,ATD,h,f,f,f,f,RCD,f,f,f,f,RCD,ProctorDining,f,f,f,f,h
h,h,h,h,h,h,h,ProctorDining,f,f,RCD,RCD,ProctorDining,f,f,f,f,ProctorDining,f,f,f,f,f,h
h,h,h,h,h,h,h,ProctorDining,MNR,f,f,ProctorDining,ProctorDining,f,MCA,f,f,f,RCD,f,f,f,f,h
h,h,h,h,h,h,h,MNR,f,f,HLD,f,f,f,MBH,f,f,ProctorDining,f,f,f,f,f,h
h,h,h,h,h,h,h,h,MBH,MBH,MBH,ProctorDining,f,MBH,f,f,f,ProctorDining,RCD,f,f,f,f,h
h,h,h,h,h,h,h,h,HLD,f,f,AXN,f,f,MNR,f,RCD,RCD,f,f,f,f,f,h
